Car -1 -1 2.0867 0.0000 186.0966 321.4578 374.0000 1.6223 1.6764 4.0282 -4.5469 1.7942 7.2985 1.5295 14.0981
Car -1 -1 1.9375 243.6826 189.9248 423.2900 302.6746 1.5252 1.5753 3.7034 -4.4933 1.8579 12.1833 1.5841 14.0704
Car -1 -1 1.8409 361.9048 185.4336 477.7963 261.6612 1.4820 1.5652 4.0020 -4.2934 1.8088 16.7060 1.5894 13.8990
Car -1 -1 -1.7236 725.5180 168.4429 814.0655 236.0640 1.7457 1.7855 4.6795 4.4602 1.6322 21.0108 -1.5144 8.0627
Car -1 -1 0.1953 527.5116 160.8408 576.3008 178.4397 1.6349 1.6715 4.3494 -5.4822 0.5192 68.1045 0.1150 4.7200
Car -1 -1 1.5019 548.8359 177.7573 581.1450 204.7006 1.5247 1.6716 4.0075 -2.8006 1.8362 43.6885 1.4379 2.0200
Car -1 -1 -1.6471 713.6847 180.1636 766.4066 224.3230 1.5207 1.6692 3.9201 4.8485 1.8207 27.5493 -1.4729 1.4540
Car -1 -1 -2.9509 492.1207 171.0566 547.3456 193.5096 1.6481 1.6835 3.8472 -6.7464 1.5165 53.9263 -3.0754 0.8010
Car -1 -1 -1.7355 700.9524 178.9597 749.0591 213.0926 1.4507 1.5716 3.8274 5.2008 1.7489 33.2731 -1.5805 0.6970
Car -1 -1 2.0313 179.7646 168.8799 297.2465 213.1781 1.3474 1.6540 4.5263 -12.3290 1.2268 24.2150 1.5604 0.2668
Car -1 -1 -1.5515 605.4290 176.1911 622.8290 192.0631 1.4905 1.6282 4.0414 0.4117 1.8271 70.6541 -1.5457 0.1934
Car -1 -1 3.3345 308.5511 181.8995 404.8318 215.1169 1.4930 1.6487 4.0582 -11.9508 1.9353 34.1378 2.9978 -0.1441
Car -1 -1 3.2661 349.4604 155.5595 422.7487 183.9877 1.5418 1.6303 3.7330 -12.4714 0.6042 40.2595 2.9657 -0.3557
