Car -1 -1 1.7720 451.5074 167.2208 555.4040 248.5012 1.7503 1.6986 4.1829 -2.5126 1.6294 17.6737 1.6308 11.3365
Car -1 -1 1.8533 373.3019 179.1598 514.6618 272.6311 1.4607 1.5723 3.6872 -2.9647 1.5949 13.4191 1.6358 9.4276
Car -1 -1 1.7054 538.5442 171.0266 597.0097 216.8938 1.5765 1.6483 4.0006 -1.5369 1.5140 26.8547 1.6482 8.0827
Car -1 -1 -1.7066 730.0033 171.1593 788.8870 215.4936 1.4676 1.5726 3.5400 5.2050 1.4118 25.6987 -1.5067 7.8362
Car -1 -1 -1.7306 712.1186 163.6665 768.8813 208.0050 1.8295 1.7556 4.5925 5.6713 1.4508 32.0786 -1.5556 7.1350
Car -1 -1 -0.4800 877.1307 129.1627 1104.3539 212.8776 2.3580 1.9667 5.6744 11.0452 1.1277 21.3095 -0.0018 4.8422
Car -1 -1 -1.4846 558.9472 167.8892 603.9598 207.4448 1.6337 1.6442 4.0337 -1.2390 1.4290 31.8509 -1.5234 3.5998
Car -1 -1 1.7553 515.0594 151.4100 558.3099 182.8485 1.7039 1.6994 4.3294 -4.1719 0.5420 41.3304 1.6547 -0.2738
Car -1 -1 -2.0500 539.3994 160.3525 574.0860 176.6701 1.4699 1.6028 3.8813 -4.9988 0.3441 67.0650 -2.1244 -0.3486
Car -1 -1 -2.4928 0.0000 110.0352 290.6572 272.2399 2.3068 1.9381 5.1260 -8.0425 1.4137 11.3049 -3.1112 -0.5232
