Car -1 -1 1.9592 177.2431 188.5246 397.8483 315.7987 1.4667 1.6045 3.8414 -4.5495 1.7418 10.7186 1.5578 14.3993
Car -1 -1 2.2186 0.0000 198.4282 259.5039 374.0000 1.4893 1.4899 3.2904 -4.6026 1.7667 6.1632 1.5772 11.4146
Car -1 -1 -1.7792 755.7837 169.4375 889.7947 264.0265 1.6593 1.7283 4.3224 4.1288 1.5997 14.8658 -1.5082 8.2494
Car -1 -1 -1.7482 722.5581 175.7246 802.1832 234.3716 1.5614 1.6305 3.8021 4.3490 1.6542 21.3149 -1.5469 7.9527
Car -1 -1 -1.7823 707.9104 173.1134 772.9178 216.9847 1.5243 1.6112 3.8291 4.7585 1.5351 27.0337 -1.6081 7.5455
Car -1 -1 -1.6820 700.5263 172.7757 746.5955 208.9767 1.5112 1.5864 3.9170 4.9499 1.5083 32.1072 -1.5290 4.9219
Car -1 -1 1.5124 528.0364 175.4813 563.9491 204.5489 1.4029 1.6080 3.9897 -3.3916 1.5467 37.2916 1.4217 1.6141
Car -1 -1 -2.9444 504.8693 158.0025 557.1971 176.9221 1.5946 1.6690 4.2129 -6.7655 0.3432 61.8275 -3.0534 0.4971
Car -1 -1 -2.9626 468.0075 168.1132 530.4798 192.2517 1.5702 1.6749 3.8571 -7.3376 1.2621 47.8208 -3.1149 0.4720
Car -1 -1 0.4189 199.9936 184.4018 325.9500 229.2103 1.6396 1.6716 4.0366 -13.3142 2.0985 27.7528 -0.0285 0.0871
Car -1 -1 -1.2348 1092.1112 141.4730 1241.0000 256.1070 1.7811 1.7262 4.4490 10.7727 1.2938 13.1014 -0.5467 -0.0117
