Car -1 -1 -1.8622 746.5341 180.0695 921.8908 299.3233 1.5185 1.5696 3.5871 3.2132 1.6490 11.2059 -1.5830 13.8060
Car -1 -1 3.4874 190.1237 179.0329 397.7985 256.7991 1.5040 1.5630 3.6378 -6.4882 1.6404 14.9881 3.0789 11.0926
Car -1 -1 -2.0311 830.0778 190.2106 1241.0000 374.0000 1.4819 1.5576 3.5967 3.0961 1.6712 6.0441 -1.5577 10.3147
Car -1 -1 3.6972 0.0000 180.9096 290.4305 305.2651 1.4764 1.5329 3.7226 -6.4706 1.5924 9.5159 3.1001 9.8603
Car -1 -1 -1.7406 679.1804 180.2075 742.3651 228.7911 1.4996 1.5502 3.4630 3.3110 1.7682 24.5588 -1.6066 8.5905
Car -1 -1 -2.8189 294.8882 176.1120 457.0124 232.6762 1.4731 1.5940 3.9079 -6.3521 1.5662 19.7010 -3.1308 6.4858
Car -1 -1 -2.9717 484.9582 175.3293 549.1685 200.1241 1.6216 1.6567 4.0404 -6.2163 1.7907 48.2800 -3.0997 5.7584
Car -1 -1 3.3350 347.7375 182.0031 486.8466 229.3176 1.3666 1.5346 3.8902 -5.8573 1.6583 22.0772 3.0757 5.3985
Car -1 -1 0.1710 369.3139 171.6388 495.6486 222.5714 1.6588 1.6361 3.9359 -5.9773 1.6196 24.4483 -0.0688 4.7077
Car -1 -1 3.3835 251.3880 175.9774 448.5261 244.2762 1.5226 1.6332 4.1484 -6.1082 1.6019 17.1947 3.0422 4.4588
Car -1 -1 -0.1091 719.0626 167.6448 802.9661 198.6677 1.4475 1.5720 3.7885 7.1528 1.2048 34.6249 0.0946 4.0462
Car -1 -1 -3.2906 727.3443 178.9325 822.6245 217.5275 1.6388 1.6474 3.9015 7.1913 1.9161 31.9022 -3.0688 3.2450
Car -1 -1 0.2137 447.4844 161.8511 528.1353 191.6082 1.5542 1.6339 3.9986 -6.5317 0.9799 38.5918 0.0461 2.0812
Car -1 -1 -1.7078 637.2607 163.7584 674.3175 198.3907 2.3398 1.9170 5.3245 3.1719 1.7256 51.4718 -1.6462 1.9203
Car -1 -1 1.7034 494.3277 177.5010 544.1325 215.4604 1.6214 1.7341 4.3612 -4.1841 1.8519 33.5404 1.5793 -0.1803
