Car -1 -1 -1.9777 782.9046 185.9301 1144.9355 374.0000 1.5059 1.5515 3.5295 2.7500 1.6584 6.6150 -1.5837 12.3162
Car -1 -1 -0.1761 726.8258 176.5296 844.0828 223.8147 1.6072 1.6025 3.8121 6.1014 1.7425 25.5748 0.0581 9.0365
Car -1 -1 0.3716 216.1258 179.0219 431.9012 256.6019 1.6003 1.6005 4.0962 -6.1985 1.7427 15.8129 -0.0020 8.8742
Car -1 -1 0.3823 284.8846 180.0393 467.7440 245.9799 1.5457 1.6376 4.0412 -5.8197 1.7356 18.0793 0.0709 8.3854
Car -1 -1 -1.7169 677.2673 182.7028 751.5916 240.6836 1.4462 1.5582 3.5035 2.8085 1.7484 20.3508 -1.5797 7.5431
Car -1 -1 0.6421 0.0000 184.0844 282.3556 345.6086 1.5629 1.6521 4.1572 -6.1219 1.7004 7.9525 -0.0139 6.9165
Car -1 -1 3.6783 0.0000 165.0441 281.3430 296.3639 1.7178 1.6684 3.8050 -7.0642 1.6160 10.3838 3.0809 6.7990
Car -1 -1 3.5380 77.7373 184.9211 351.8649 274.5388 1.4698 1.6160 4.0587 -7.0386 1.7060 13.1001 3.0450 5.8348
Car -1 -1 0.2487 385.1624 177.1287 497.1723 220.7964 1.6177 1.6346 3.9135 -6.4761 1.7875 27.7493 0.0194 4.0120
Car -1 -1 0.2994 342.0343 177.1385 489.3375 230.0854 1.5987 1.6694 4.1986 -6.1215 1.7401 22.8439 0.0376 3.8851
Car -1 -1 3.9365 0.0000 205.8668 147.0621 374.0000 1.4599 1.6132 4.1183 -6.0854 1.7468 5.3404 3.0860 3.3441
Car -1 -1 1.5106 635.4683 179.0299 660.8302 200.1699 1.4984 1.6592 4.0852 2.8132 1.9818 54.3856 1.5623 2.9768
Car -1 -1 0.1034 483.9934 173.9810 545.5591 196.8904 1.5159 1.6272 3.9735 -6.4198 1.5937 48.6943 -0.0277 2.9672
Car -1 -1 0.2980 305.2607 171.3976 465.7024 231.7687 1.6512 1.6559 4.0595 -6.3543 1.6117 20.5634 -0.0017 2.2016
Car -1 -1 1.6708 509.6942 181.9371 545.9285 209.8938 1.4719 1.6619 4.1520 -4.7015 2.0201 41.4290 1.5578 2.0775
Car -1 -1 -2.9938 498.5128 181.4049 557.4189 202.7970 1.4696 1.5980 3.9561 -5.8118 2.0862 51.1256 -3.1070 0.9458
Car -1 -1 -1.4744 537.8075 176.2451 561.4785 194.9638 1.5705 1.6722 4.2801 -5.2951 1.8792 63.4624 -1.5576 0.7792
