Car -1 -1 1.8676 322.4868 192.9752 427.1052 263.6802 1.5150 1.5473 3.4984 -5.8612 2.0726 18.2197 1.5564 13.2445
Car -1 -1 1.9960 170.4949 199.2968 368.0163 308.8212 1.5043 1.6583 3.9519 -5.8463 2.0478 12.8401 1.5688 13.1600
Car -1 -1 1.8274 385.6251 189.7634 464.0163 243.6281 1.5016 1.5721 3.5286 -5.8522 2.0824 22.9937 1.5781 12.1689
Car -1 -1 1.7755 433.3695 188.1306 493.3825 230.7011 1.5148 1.6007 3.9299 -5.8655 2.1721 29.0553 1.5764 11.3601
Car -1 -1 1.7601 474.2156 187.5350 521.2667 219.9750 1.4581 1.6033 4.0856 -5.6312 2.2406 36.3716 1.6065 7.2064
Car -1 -1 -1.6133 659.8930 176.4965 695.9557 210.5470 1.6048 1.6352 3.9884 3.3452 1.7996 36.4708 -1.5218 5.0756
Car -1 -1 -0.6350 1080.1227 149.2114 1192.0443 182.2586 1.4452 1.6073 3.8570 23.5009 0.4116 32.3683 -0.0070 4.2292
Car -1 -1 -0.6255 1114.0312 145.1378 1241.0000 180.8854 1.4319 1.5963 3.9441 23.3090 0.3221 29.7732 0.0387 3.2417
Car -1 -1 -1.6543 666.4818 178.5267 714.7253 218.1781 1.5563 1.7000 4.2340 3.3583 1.8177 31.0654 -1.5466 1.6684
Car -1 -1 -1.7690 309.9382 178.3595 368.7831 216.8929 1.4648 1.5918 3.6414 -11.3233 1.7087 29.9532 -2.1304 1.4349
Car -1 -1 -2.1355 1025.3801 146.2576 1096.3806 173.4456 1.4424 1.5583 3.7920 24.9808 0.0317 40.1789 -1.5793 0.8642
Car -1 -1 -1.7776 736.5895 175.9076 788.4213 209.0177 1.4321 1.5947 3.7877 6.9633 1.5820 33.4503 -1.5724 0.6168
Car -1 -1 1.6995 403.7440 173.6896 442.5599 201.1066 1.5359 1.6989 4.2260 -11.0467 1.5883 42.7539 1.4466 0.3151
Car -1 -1 1.5098 651.0054 180.6269 680.6886 206.4404 1.5434 1.6531 3.9848 3.5150 2.0647 46.3502 1.5855 0.1159
Car -1 -1 1.6009 436.2549 174.9044 464.6907 199.7317 1.5056 1.6604 4.0712 -10.2186 1.6436 46.2647 1.3835 -0.4461
