Car -1 -1 -0.4645 786.9785 188.4109 1092.3073 302.6002 1.4389 1.5283 3.6220 4.4566 1.6772 10.1795 -0.0518 11.4711
Car -1 -1 3.6782 0.0000 181.8864 266.9456 289.0171 1.5381 1.6062 3.7650 -7.7510 1.6929 11.4242 3.0821 10.5354
Car -1 -1 3.5065 102.6602 170.4157 330.6806 250.8560 1.6983 1.7031 4.2058 -8.7853 1.6472 16.3446 3.0133 8.0632
Car -1 -1 -0.4120 744.1357 182.7599 1002.8613 275.2109 1.4617 1.5951 3.9164 4.4138 1.6472 12.5460 -0.0738 6.0822
Car -1 -1 0.8811 1006.3519 179.4512 1084.3281 208.8900 1.7283 1.7824 4.4818 27.4655 2.1685 45.7585 1.4217 5.4992
Car -1 -1 -1.8446 448.6588 178.1501 489.3104 203.1050 1.5949 1.6643 4.1251 -9.7006 1.9732 49.2691 -2.0390 3.4345
Car -1 -1 -1.6637 355.8699 175.4973 392.8033 204.1290 1.5672 1.6559 4.2709 -13.8607 1.7306 42.2032 -1.9810 2.3737
Car -1 -1 3.3219 164.1491 170.9472 358.2478 240.3751 1.6729 1.6911 4.3074 -8.9337 1.6273 18.7612 2.8775 1.9731
Car -1 -1 -1.5657 1111.7906 184.8508 1163.9399 226.7930 1.5181 1.6193 3.8940 21.4108 2.0403 29.3328 -0.9352 1.3463
Car -1 -1 3.5742 8.9952 176.6514 284.6908 263.2489 1.5047 1.6114 4.1105 -8.6398 1.5827 13.6939 3.0113 0.1183
Car -1 -1 -0.2766 715.1476 178.2620 941.3646 259.2267 1.5333 1.6293 4.0863 4.2363 1.6493 14.5987 0.0058 -0.6194
Car -1 -1 -1.9233 491.6428 178.4224 541.9899 206.9848 1.7754 1.8056 4.7603 -6.3352 2.1685 48.3609 -2.0535 -0.7051
