Car -1 -1 1.7072 457.1267 183.7706 531.9967 242.0531 1.4025 1.5487 3.6766 -3.1370 1.7321 19.9079 1.5509 12.1496
Car -1 -1 -1.9382 748.6448 158.7080 1138.5125 374.0000 1.6723 1.6470 3.8503 2.3879 1.5850 6.4033 -1.5812 12.0273
Car -1 -1 -1.2553 70.1732 182.1948 428.9171 374.0000 1.5430 1.6156 3.6904 -2.7667 1.6507 6.3754 -1.6647 11.3557
Car -1 -1 -1.7907 714.5777 180.9974 879.1990 301.9024 1.5330 1.6049 4.0075 2.6786 1.6851 11.4290 -1.5605 10.5051
Car -1 -1 -1.7738 664.6968 182.6678 770.0714 258.3042 1.4615 1.5761 3.9474 2.2642 1.7136 16.4857 -1.6373 10.3152
Car -1 -1 -1.2781 390.5283 184.2298 517.7655 263.3579 1.4783 1.6571 4.1026 -3.3761 1.7674 16.2009 -1.4836 4.2086
Car -1 -1 -1.6262 624.7049 177.0445 652.8794 201.3556 1.4918 1.6088 3.9105 1.8033 1.7761 46.9200 -1.5878 1.7522
Car -1 -1 1.8263 522.2834 174.2889 549.6235 190.5550 1.4748 1.6103 3.9636 -6.9484 1.6142 67.8649 1.7242 1.5628
Car -1 -1 1.6717 527.2911 178.8801 563.0130 205.8265 1.4439 1.6495 4.1030 -3.7267 1.8092 41.6420 1.5825 1.3393
Car -1 -1 1.6241 557.5715 178.0634 579.2744 196.8221 1.4798 1.5970 3.8892 -3.4483 1.9270 59.9449 1.5667 0.6016
Car -1 -1 -1.5843 621.6705 167.6082 641.2749 186.0307 1.5320 1.6249 4.0250 1.7965 1.0962 62.0261 -1.5553 -0.5026
