Car -1 -1 -1.9036 730.7492 177.8948 1040.2233 374.0000 1.6073 1.6898 4.2077 2.5121 1.6776 7.8907 -1.5954 12.9021
Car -1 -1 2.1008 0.0000 199.2050 386.8024 374.0000 1.4789 1.5398 3.3033 -2.6553 1.6989 4.3447 1.5522 11.2562
Car -1 -1 3.5181 217.6198 190.3019 409.7844 261.8057 1.4720 1.5626 3.6330 -6.5318 1.8796 16.0408 3.1314 9.2663
Car -1 -1 0.4916 0.0000 176.2391 333.5079 292.3007 1.6405 1.6973 4.3406 -6.8442 1.6981 11.2216 -0.0561 6.0006
Car -1 -1 0.3054 382.4385 183.4799 506.3981 230.0070 1.5846 1.6308 4.0503 -5.9533 1.9821 25.9910 0.0803 5.5810
Car -1 -1 -1.6723 639.3703 185.4927 673.0732 210.7772 1.3253 1.5500 3.9159 2.5980 2.0925 41.7907 -1.6102 5.3468
Car -1 -1 -1.6351 666.4809 180.3168 685.5432 196.6179 1.5383 1.6349 3.9987 6.5410 2.3039 71.9581 -1.5445 1.5993
Car -1 -1 0.4437 223.2454 174.9624 418.2183 245.0664 1.7141 1.7097 4.3810 -7.4476 1.7719 18.6932 0.0646 1.5655
Car -1 -1 -2.9613 446.4891 188.8146 533.2345 219.4258 1.4488 1.5701 4.0320 -5.9562 2.2594 35.8135 -3.1261 1.3832
Car -1 -1 3.2317 617.7203 172.9945 671.3557 195.1868 1.6910 1.6806 4.0315 2.6805 1.7025 56.0990 3.2794 0.5932
Car -1 -1 1.7170 454.1705 150.9513 483.6868 171.9583 1.4931 1.6067 3.8123 -10.4263 -0.0683 53.3886 1.5242 0.2054
Car -1 -1 0.2649 407.9768 177.4128 509.1396 217.4307 1.6853 1.6597 4.0359 -6.6124 1.8910 31.5457 0.0582 0.1141
Car -1 -1 -1.9009 821.7721 181.5557 902.3995 226.8104 1.5507 1.6541 4.0788 9.4677 1.9079 27.5458 -1.5699 -0.8263
