Car -1 -1 -0.9525 0.0000 202.4062 273.4747 375.0000 1.4480 1.4867 3.5245 -3.8276 1.6091 4.8913 -1.6164 10.1044
Car -1 -1 -1.2757 327.0631 185.4546 408.1149 231.2818 1.4448 1.5498 3.9578 -8.1742 1.4548 24.6785 -1.5955 8.4522
Car -1 -1 -0.9208 0.0000 187.2844 121.5717 266.2091 1.4695 1.5240 3.6758 -12.3879 1.5202 15.3380 -1.6002 7.9872
Car -1 -1 -1.5734 572.0257 179.0951 607.6328 212.4773 1.5427 1.6463 3.9872 -0.9196 1.2610 35.2338 -1.5995 6.2634
Car -1 -1 -1.1731 163.6115 144.7328 355.3732 265.5761 2.3363 1.9989 5.3935 -7.7394 1.5548 16.6267 -1.6088 2.8646
Car -1 -1 -1.4749 538.1753 174.4323 565.9597 199.1847 1.8690 1.7539 4.5510 -4.3544 1.0559 56.5664 -1.5518 0.8713
Car -1 -1 -0.8606 0.0000 175.1365 94.6683 338.3768 1.5593 1.6121 3.8226 -8.4411 1.4641 8.8145 -1.6244 0.5226
Car -1 -1 -1.2974 410.7325 155.8084 522.5607 240.4189 2.1667 1.8930 5.0257 -3.9760 1.4148 20.9895 -1.4846 0.4148
Car -1 -1 3.2046 374.3596 166.5675 432.2571 189.5205 1.6598 1.6873 4.0267 -15.1076 0.3124 53.2291 2.9281 -0.1059
Car -1 -1 -1.4645 388.9820 173.7064 420.4420 196.9820 1.4678 1.5946 3.8786 -13.3605 0.7432 47.3753 -1.7394 -0.3936
Car -1 -1 -1.6057 604.5989 181.1645 651.0221 222.6917 1.5075 1.6568 4.1579 0.6816 1.3616 28.1797 -1.5815 -0.7660
