Car -1 -1 -1.2248 114.1316 193.3451 415.0893 375.0000 1.5218 1.6134 3.6108 -3.2570 1.6290 7.5184 -1.6336 12.4537
Car -1 -1 -1.3701 355.2220 185.6359 464.6810 263.0248 1.4545 1.5483 3.6544 -4.1438 1.4658 15.3994 -1.6330 11.3020
Car -1 -1 -1.5636 561.9741 176.6902 602.6756 215.7996 1.5855 1.6504 4.1478 -1.1283 1.2410 31.2357 -1.5998 6.9463
Car -1 -1 -1.0929 92.1124 186.3173 219.2394 240.3820 1.4318 1.5886 3.7688 -13.1148 1.4682 21.0541 -1.6500 6.7723
Car -1 -1 -0.8572 0.0000 196.7375 78.1661 375.0000 1.5513 1.6197 3.9049 -7.8090 1.7071 7.6362 -1.6538 6.2596
Car -1 -1 1.9556 176.1462 180.4271 313.8052 256.5031 1.5340 1.5550 3.5592 -8.1122 1.4386 16.3251 1.4944 4.1243
Car -1 -1 -1.2363 297.0755 176.6192 381.3765 223.0589 1.4536 1.5599 3.6433 -9.0244 1.1856 24.3336 -1.5915 3.9088
Car -1 -1 -1.4066 463.5292 150.1184 531.7439 214.5446 2.6005 2.0941 5.5462 -4.7763 1.1850 31.8011 -1.5557 2.8737
Car -1 -1 -1.3755 381.1670 158.4242 444.3880 208.9419 2.0553 1.8117 4.6490 -8.5087 0.9664 31.6229 -1.6383 1.4473
Car -1 -1 -1.4936 532.8666 171.4271 553.3403 187.6486 1.4624 1.6000 3.8961 -5.9846 0.2205 66.7623 -1.5830 -0.5522
