Car -1 -1 -1.3117 331.9707 185.0902 474.1392 281.2125 1.5101 1.6048 3.5622 -3.5981 1.5093 13.0783 -1.5801 12.2920
Car -1 -1 -1.0751 79.5146 179.5644 291.4672 276.2881 1.5634 1.6686 4.1699 -7.7996 1.4732 13.7179 -1.5921 9.9876
Car -1 -1 -1.4275 479.0983 171.8322 542.7674 224.4024 1.7027 1.6702 3.9236 -3.3552 1.2704 25.2503 -1.5596 8.0530
Car -1 -1 -0.9298 0.0000 181.2831 143.2970 264.8051 1.5911 1.6267 3.8040 -12.1472 1.5173 15.6085 -1.5912 6.2862
Car -1 -1 -1.5323 581.1513 178.2684 620.4695 213.9254 1.5189 1.6342 3.9554 -0.2962 1.2241 32.6190 -1.5414 6.2434
Car -1 -1 -1.3984 445.2291 178.6815 487.0870 207.6967 1.5140 1.6274 3.7860 -7.7383 1.1742 39.4163 -1.5922 4.3538
Car -1 -1 -1.1799 277.3814 183.3843 390.9644 240.1211 1.4522 1.6156 3.9579 -7.6547 1.4065 20.3993 -1.5389 4.0340
Car -1 -1 -1.0648 179.0292 179.4845 294.0863 231.3923 1.4986 1.5887 3.7689 -11.5960 1.3342 22.6590 -1.5378 3.2582
Car -1 -1 -1.2699 365.1914 178.3861 417.6432 207.2690 1.5206 1.6494 4.0898 -11.9617 1.1622 39.8944 -1.5612 1.0170
Car -1 -1 0.0459 527.8883 170.6947 577.0214 191.4734 1.5959 1.6375 3.7519 -4.3008 0.4817 56.0828 -0.0306 -0.1309
Car -1 -1 -1.3577 391.6692 175.8733 451.6733 215.7475 1.5526 1.6376 3.8689 -7.7087 1.1899 29.9511 -1.6096 -0.4858
