Car -1 -1 1.8113 270.3581 184.8040 394.3101 267.9296 1.5276 1.6255 4.0158 -6.0092 1.8268 15.9491 1.4510 11.0511
Car -1 -1 -1.9534 748.8060 174.9687 1028.2086 353.0785 1.5064 1.5642 3.4845 2.6772 1.5352 7.9259 -1.6276 10.4807
Car -1 -1 -1.8138 651.8181 167.8234 776.6072 256.5006 1.6006 1.6580 3.7913 1.9611 1.5102 14.9978 -1.6838 8.3775
Car -1 -1 -1.7351 581.9424 175.0706 639.7075 218.6333 1.4923 1.5713 3.5399 -0.0775 1.5807 26.7810 -1.7380 7.9858
Car -1 -1 -1.4252 420.1206 177.9636 459.1720 206.4141 1.5044 1.5985 3.9639 -9.6429 1.8090 40.9264 -1.6566 5.3350
Car -1 -1 -1.5977 560.1185 175.7995 593.0716 205.2649 1.4270 1.5893 3.8491 -1.8072 1.5877 37.3148 -1.6460 4.6855
Car -1 -1 -1.2675 143.9412 190.2812 345.4188 317.3103 1.4325 1.5759 3.6305 -5.1399 1.7344 10.5708 -1.7201 4.6821
Car -1 -1 -1.4496 404.6832 182.3902 450.4531 217.2999 1.4076 1.5366 3.7040 -8.0908 1.8575 32.0805 -1.6966 4.5902
Car -1 -1 -1.5035 407.7456 157.6877 430.4819 178.2297 1.8246 1.7309 4.4357 -17.5568 0.4778 66.4276 -1.7619 0.8042
Car -1 -1 -1.5050 542.4185 174.7220 568.0907 196.2662 1.5064 1.6220 3.8641 -3.9937 1.6483 52.7246 -1.5806 -0.7658
