Car -1 -1 -1.7500 642.9348 174.9637 725.3660 238.8189 1.5629 1.6066 3.4743 1.8689 1.6257 19.5742 -1.6548 9.3737
Car -1 -1 0.2682 343.2723 180.2478 463.0223 223.9414 1.5056 1.6030 3.8554 -7.4186 1.7804 25.9589 -0.0101 4.5770
Car -1 -1 -2.8924 372.6260 175.2625 462.7980 207.0234 1.5185 1.6199 4.0065 -9.4350 1.6400 35.4525 -3.1525 4.5505
Car -1 -1 0.8394 0.0000 174.9196 194.8007 373.2281 1.6671 1.7105 4.2656 -6.7339 1.6908 7.1096 0.0811 3.8662
Car -1 -1 3.2313 402.1885 169.5445 493.1829 206.8699 2.0023 1.8342 4.7674 -8.9403 1.8251 39.9239 3.0110 1.2795
Car -1 -1 -1.2582 314.5263 161.1674 418.4751 228.9146 1.8726 1.7508 4.3617 -7.3576 1.5499 22.1290 -1.5792 1.0553
Car -1 -1 -1.4215 317.9244 176.1312 433.5590 267.3673 1.5676 1.6443 3.8577 -4.6206 1.6434 14.5744 -1.7285 0.9575
Car -1 -1 3.3439 393.5612 177.7849 475.6171 207.2577 1.4766 1.6011 3.8810 -9.0577 1.7378 37.3062 3.1057 -0.1569
Car -1 -1 1.4188 575.3183 174.5336 604.1376 195.5269 1.6031 1.6920 4.1059 -1.6807 1.7426 57.6141 1.3897 -0.1788
Car -1 -1 -1.4173 637.6627 153.4196 668.3935 174.6875 1.5326 1.6708 4.3018 3.2509 0.1325 54.2721 -1.3575 -0.3525
