Car -1 -1 -1.8120 698.3226 178.0661 841.1736 275.7669 1.4916 1.5788 4.0698 2.6952 1.6029 13.2989 -1.6120 11.9210
Car -1 -1 0.3978 258.3568 183.2767 453.7154 250.1115 1.4796 1.6153 4.0860 -6.0097 1.7418 17.1929 0.0615 9.5246
Car -1 -1 1.4175 673.1441 175.7176 740.7384 226.3253 1.5293 1.6183 4.0001 3.0938 1.6332 24.0503 1.5455 8.8365
Car -1 -1 0.7742 926.7437 200.1122 1241.0000 374.0000 1.4280 1.5439 3.7280 3.0249 1.6225 3.2403 1.5252 8.0201
Car -1 -1 -2.5600 0.0000 187.6700 275.4718 324.4109 1.5278 1.5837 3.7500 -6.5233 1.7331 9.1124 -3.1813 6.4289
Car -1 -1 0.6155 30.1825 170.9814 347.5405 283.3561 1.6530 1.6922 4.2326 -6.7114 1.6258 11.6491 0.0928 6.0545
Car -1 -1 -2.3426 0.0000 196.0613 195.1491 374.0000 1.4523 1.6093 4.0162 -6.3359 1.6949 6.6497 -3.1038 5.9048
Car -1 -1 -2.8576 306.9049 168.5267 458.5772 224.2125 1.6432 1.6718 4.1421 -6.9360 1.5158 22.1640 -3.1609 5.2484
Car -1 -1 0.2157 279.0843 168.9379 449.0558 227.3981 1.5099 1.6538 4.1294 -6.6335 1.4092 19.6810 -0.1094 3.7670
Car -1 -1 -1.6120 651.5424 171.6141 682.5336 200.0204 1.6271 1.6798 4.1762 3.3557 1.5564 43.4437 -1.5349 2.8351
Car -1 -1 -2.8335 382.5152 176.1605 502.0054 220.3549 1.6025 1.6512 4.0961 -6.3347 1.7325 27.2954 -3.0615 0.9255
