Car -1 -1 3.6268 92.8482 190.3429 362.8090 285.5269 1.4824 1.5673 3.7817 -6.4321 1.8005 12.3164 3.1455 11.1194
Car -1 -1 -1.7235 646.8423 180.5720 709.1912 225.1699 1.4342 1.6052 4.1758 2.3265 1.7364 26.0747 -1.6345 9.6267
Car -1 -1 -1.8371 686.1221 185.1636 796.7493 260.0110 1.4468 1.5457 3.6253 2.8130 1.7597 16.4411 -1.6677 9.2070
Car -1 -1 -2.7826 270.4763 181.5865 447.1005 242.7569 1.5361 1.6564 4.1329 -6.6562 1.7801 19.2493 -3.1156 7.6737
Car -1 -1 3.8327 0.0000 188.8803 166.3380 362.5383 1.5166 1.6441 3.8539 -7.0765 1.7032 7.4294 3.0717 5.5753
Car -1 -1 3.4055 299.5477 182.1517 449.7656 235.2616 1.5067 1.5913 4.0143 -7.0236 1.7978 21.6732 3.0921 5.4559
Car -1 -1 -2.7754 320.1211 177.2154 468.7456 229.3790 1.6562 1.7073 4.4406 -7.1754 1.8084 24.0983 -3.0648 5.2655
Car -1 -1 3.6486 212.2653 184.4566 409.0223 252.2075 1.4631 1.5911 4.0019 -7.0060 1.7525 16.9488 3.2566 4.3165
Car -1 -1 0.2690 403.3064 182.3306 507.9694 222.6886 1.6012 1.6653 3.9586 -6.4118 2.0083 30.0168 0.0585 4.2603
Car -1 -1 -2.7052 137.9290 178.9974 393.8890 262.0098 1.5697 1.6845 4.3823 -6.8717 1.7018 14.6157 -3.1446 3.2787
