Car -1 -1 2.0839 63.0597 197.6080 292.9604 314.6953 1.4692 1.5622 3.6540 -6.7446 1.9328 11.6629 1.5596 12.9798
Car -1 -1 1.7659 417.7639 184.1824 502.0553 245.6858 1.4793 1.5760 3.7360 -4.0815 1.8218 19.9155 1.5638 12.1882
Car -1 -1 1.8493 281.5585 191.4355 457.4868 310.2541 1.5306 1.6768 4.0370 -3.7947 1.8920 11.9722 1.5424 11.5271
Car -1 -1 -1.6130 642.3141 177.3156 681.1771 212.6745 1.5102 1.6136 3.7941 2.2911 1.7278 33.2154 -1.5441 5.4897
Car -1 -1 -0.1146 751.9575 163.2532 886.1768 211.3086 1.6557 1.7326 4.4823 7.3987 1.3253 26.0738 0.1619 1.4799
Car -1 -1 1.7183 464.7801 169.4008 487.9795 185.6803 1.5654 1.6666 4.1757 -13.2229 1.2337 71.4962 1.5354 -0.0775
Car -1 -1 1.2039 872.9332 151.7695 909.1630 169.1568 1.4826 1.6490 4.1003 25.0320 -0.3404 64.4471 1.5744 -0.3016
Car -1 -1 1.0551 961.1706 152.8931 1043.5835 184.8390 1.3853 1.6056 3.9129 17.9375 0.5201 33.2587 1.5497 -0.3146
Car -1 -1 -1.9653 983.4104 144.2238 1054.8663 174.8822 1.4502 1.6348 4.1789 20.4390 0.0963 36.2987 -1.4524 -0.3977
Car -1 -1 1.9161 370.6703 178.8906 422.8299 206.8073 1.4787 1.6080 3.9488 -12.1148 1.8398 41.1059 1.6295 -0.6201
