Car -1 -1 -1.3607 430.9087 185.0496 501.2975 233.5193 1.4544 1.5507 3.4529 -4.5511 1.4505 23.3060 -1.5535 10.7076
Car -1 -1 -1.2656 260.7006 181.7659 440.1693 295.1925 1.6023 1.6821 4.0483 -4.1619 1.5547 12.1947 -1.5945 9.8289
Car -1 -1 -0.9886 0.0000 185.8394 242.1453 290.3653 1.5767 1.6537 3.9444 -8.4124 1.5907 12.8371 -1.5687 8.3421
Car -1 -1 -1.4445 476.7146 183.5790 522.3392 217.3671 1.4811 1.5972 4.1652 -5.0272 1.4105 33.6065 -1.5930 6.9958
Car -1 -1 -1.5712 576.7040 181.6353 607.3424 209.6568 1.4666 1.6040 3.8786 -0.8987 1.2803 39.5772 -1.5939 6.0588
Car -1 -1 -1.2041 264.6852 188.7808 366.6960 242.7157 1.4318 1.5720 3.6462 -8.5108 1.5470 21.1575 -1.5865 5.4695
Car -1 -1 -1.1984 247.2122 170.5410 337.8283 222.9993 1.9518 1.8006 4.5931 -12.6402 1.4069 29.0707 -1.6085 5.1106
Car -1 -1 -1.3334 380.9368 185.8634 438.7892 222.3506 1.5188 1.6221 3.8253 -8.7465 1.5505 31.9245 -1.6008 3.7909
Car -1 -1 -1.3981 503.4781 178.8879 541.3609 204.8333 1.4727 1.6013 3.8507 -5.0541 1.1146 42.7650 -1.5157 1.6194
Car -1 -1 -1.2082 360.2180 178.2186 414.7798 205.5447 1.5000 1.6433 4.1781 -12.6959 1.1170 41.5942 -1.5045 1.0865
Car -1 -1 -1.1164 404.4309 169.1219 441.7895 185.7689 1.4461 1.6126 4.1125 -16.5603 0.0492 64.6192 -1.3673 0.8579
Car -1 -1 -1.4007 484.4679 176.0146 510.7053 193.4088 1.4585 1.6087 3.9089 -9.5150 0.6881 62.2397 -1.5524 -0.7005
