Car -1 -1 2.0812 13.4484 193.9135 288.6852 337.0965 1.6395 1.7112 4.0039 -6.5918 2.0169 10.8860 1.5367 12.6374
Car -1 -1 1.8627 333.5488 192.0500 423.2993 249.7557 1.4898 1.5922 3.5846 -6.8777 2.1137 21.6312 1.5548 10.2255
Car -1 -1 1.7123 458.5015 186.6016 525.1884 237.9025 1.5435 1.6868 4.3112 -4.0451 2.0623 25.0402 1.5522 9.1647
Car -1 -1 1.6742 505.4091 187.0815 542.9615 218.9852 1.4292 1.4936 3.4499 -4.2277 2.1658 35.6034 1.5560 6.7987
Car -1 -1 -1.5612 630.2974 179.6377 658.4596 206.0807 1.4767 1.6118 3.8200 2.0428 1.9021 43.2469 -1.5140 3.9923
Car -1 -1 1.8198 443.8227 188.8281 494.7795 221.4996 1.4684 1.6057 3.9193 -7.0660 2.3187 36.3865 1.6280 1.7739
Car -1 -1 3.5746 147.6063 177.3726 263.8761 215.2794 1.6567 1.7138 4.2884 -18.3324 1.8688 32.7931 3.0648 1.7419
Car -1 -1 -0.4960 905.6496 154.0799 985.6150 181.4227 1.6970 1.7244 4.2968 21.2207 0.5322 45.7725 -0.0618 1.4437
Car -1 -1 -3.3453 712.3355 171.4114 807.2029 204.3396 1.6255 1.7137 4.4383 7.4782 1.5547 36.4762 -3.1430 1.1736
Car -1 -1 1.1822 863.6123 156.8069 908.6745 179.3533 1.5972 1.6931 4.0289 20.2515 0.4608 53.1468 1.5463 -0.8115
