Car -1 -1 -1.8099 733.9991 180.0305 873.8845 281.7962 1.5469 1.5907 3.5257 3.2671 1.6940 12.9830 -1.5634 13.9887
Car -1 -1 -1.9431 794.6146 192.8930 1055.2080 357.2952 1.3801 1.4984 3.2763 3.1827 1.6508 8.0939 -1.5685 10.2357
Car -1 -1 3.4824 249.1731 179.3588 426.3030 248.9804 1.5452 1.5770 3.5804 -6.3584 1.7060 16.9835 3.1242 9.5390
Car -1 -1 -1.7276 678.7517 180.8671 735.5795 223.7146 1.4301 1.5428 3.3514 3.4479 1.7426 26.4096 -1.5978 8.1738
Car -1 -1 -2.6559 11.5963 180.0436 346.9400 286.3738 1.5451 1.6567 4.3353 -6.7209 1.6694 11.5251 -3.1838 8.1397
Car -1 -1 -2.9506 392.0623 175.2049 510.3331 220.2774 1.5894 1.6736 3.9845 -5.7861 1.6787 26.4183 -3.1662 6.9283
Car -1 -1 -3.0175 492.8259 176.3368 557.2603 200.9645 1.6766 1.6911 4.2788 -5.9057 1.9235 50.2217 -3.1346 5.9320
Car -1 -1 3.3142 298.6815 180.9135 464.3838 239.1997 1.4317 1.5498 3.9582 -5.9570 1.6561 19.0305 3.0108 5.3663
Car -1 -1 3.3691 372.2574 182.4323 503.6145 228.5788 1.4656 1.5990 4.0040 -5.7096 1.7962 24.0602 3.1361 5.1433
Car -1 -1 3.0603 510.5905 172.8476 568.5167 197.2814 1.8282 1.7101 4.2851 -5.4350 1.8281 55.2081 2.9622 3.7648
Car -1 -1 -2.8191 316.7557 172.6015 472.4618 228.3178 1.6036 1.6572 4.1704 -6.4325 1.5967 21.6631 -3.1077 3.2252
Car -1 -1 -3.3202 721.5352 177.3104 811.3112 209.8619 1.4750 1.5956 3.8838 7.2326 1.6893 33.7872 -3.1093 3.2106
Car -1 -1 3.8499 0.0000 197.3481 95.4308 374.0000 1.4523 1.6065 4.0955 -5.8571 1.6423 4.3435 2.9172 3.1678
Car -1 -1 -3.3386 720.8149 164.8280 801.4235 195.2544 1.5103 1.5968 3.7626 7.5887 1.1123 36.6259 -3.1343 2.6102
Car -1 -1 -1.6747 643.9532 164.6629 677.4402 198.5936 2.3813 1.9150 5.3310 3.6592 1.8068 53.3329 -1.6062 2.3568
Car -1 -1 0.1652 460.3552 171.2943 547.6357 205.3609 1.8669 1.7977 4.6131 -5.9315 1.7818 40.4828 0.0198 0.3477
