Car -1 -1 3.5669 65.2171 182.2546 340.9657 286.0507 1.5584 1.6013 3.6426 -6.6103 1.7267 11.9454 3.0615 9.9216
Car -1 -1 -1.9682 791.4967 197.6005 1089.0357 374.0000 1.4178 1.4742 3.2066 2.9196 1.7210 7.2148 -1.5837 9.5341
Car -1 -1 2.8613 719.8731 173.1587 866.5855 230.0181 1.8958 1.7778 4.6205 6.2325 1.9072 25.0376 3.1053 9.3726
Car -1 -1 -0.2453 802.7020 183.8166 972.2680 251.9198 1.5004 1.5773 3.4858 6.4475 1.7769 17.1905 0.1135 8.2153
Car -1 -1 -2.9158 398.6507 181.2183 500.6645 220.3107 1.6027 1.6682 3.9782 -6.8263 1.9699 30.7914 -3.1339 6.5608
Car -1 -1 -3.5102 802.6012 180.9023 1052.3146 263.3115 1.5550 1.6558 4.3495 6.2576 1.7293 14.6901 -3.1075 6.0842
Car -1 -1 3.2055 429.1544 174.3060 522.5911 212.9972 1.8480 1.7577 4.4399 -6.5979 1.9225 35.6816 3.0227 5.5702
Car -1 -1 0.2766 306.9198 175.6355 454.0076 228.1102 1.6455 1.6848 4.2931 -7.4694 1.7404 23.6242 -0.0296 2.4020
Car -1 -1 0.5769 0.0000 175.4063 239.2432 374.0000 1.7090 1.7103 4.2215 -6.2261 1.7383 7.0326 -0.1478 2.2450
Car -1 -1 -2.9565 484.8804 181.4590 542.3032 202.4087 1.5118 1.6408 4.0075 -7.1808 2.1643 53.7502 -3.0893 2.1598
Car -1 -1 0.7311 0.0000 189.8102 126.8511 374.0000 1.5402 1.6462 4.0322 -5.8131 1.6774 4.6839 -0.1614 1.4863
Car -1 -1 -3.2193 686.7229 173.5203 731.6559 191.4794 1.5253 1.6388 3.7238 8.5104 1.5840 62.2732 -3.0835 1.3555
Car -1 -1 0.3343 282.3097 170.6176 452.2384 232.0719 1.7233 1.7240 4.3929 -7.0539 1.6610 21.1191 0.0119 -0.3959
