Car -1 -1 -1.7783 474.6520 184.7529 525.6725 219.4868 1.5133 1.6254 4.1655 -5.4561 2.1311 35.2016 -1.9321 6.4065
Car -1 -1 3.6018 0.0000 176.3546 195.7559 294.6596 1.6269 1.6583 3.9592 -8.9616 1.6876 11.2221 2.9280 6.3443
Car -1 -1 0.2514 148.8611 175.5475 317.9389 238.0930 1.6346 1.6673 3.9064 -10.4521 1.7151 20.2123 -0.2259 5.8956
Car -1 -1 3.3853 91.2203 183.8068 294.3084 254.9370 1.5191 1.6255 3.8928 -9.7668 1.7993 17.1207 2.8669 5.6761
Car -1 -1 3.6380 0.0000 185.9628 271.1670 269.7805 1.4859 1.6270 4.3243 -9.2198 1.7602 14.0881 3.0585 4.7134
Car -1 -1 -1.5998 326.2880 180.3269 374.2399 225.3456 1.5900 1.6463 4.3309 -10.3832 1.9102 28.5659 -1.9484 0.3925
Car -1 -1 0.0760 296.8029 170.2054 354.9717 191.3889 1.4943 1.5852 3.8084 -20.5354 1.3078 52.2132 -0.2987 0.3207
Car -1 -1 -1.8986 512.9269 178.8145 574.9896 219.6928 1.9328 1.8217 4.5150 -3.5198 2.2611 37.2552 -1.9928 -0.1727
Car -1 -1 -1.4260 270.4074 178.7796 328.3505 219.6296 1.5619 1.6767 4.0107 -13.0277 1.8294 30.3641 -1.8313 -0.6718
Car -1 -1 1.6008 467.3414 164.9261 486.8491 181.9354 1.5691 1.7036 4.2932 -12.6622 0.8381 68.8087 1.4188 -0.7629
