Car -1 -1 -1.9086 770.7435 178.2771 1056.4845 358.4342 1.5187 1.6136 3.9846 3.0015 1.5958 8.2030 -1.5578 12.7089
Car -1 -1 1.9633 127.9633 201.1811 395.7517 367.2091 1.4260 1.5612 3.5953 -3.8850 1.8370 8.6361 1.5405 12.5907
Car -1 -1 -1.7906 714.3772 179.4211 840.8183 274.4050 1.5594 1.5802 3.5900 3.0191 1.7026 13.8916 -1.5766 11.9345
Car -1 -1 1.8368 326.4311 189.6078 471.1779 291.1969 1.5163 1.5788 3.8699 -3.7651 1.8718 13.3494 1.5619 11.0827
Car -1 -1 2.2987 0.0000 233.7544 263.6634 374.0000 1.4226 1.5611 3.9846 -3.4461 1.8955 3.5751 1.5317 8.2142
Car -1 -1 -0.6754 548.6401 180.1938 592.8963 196.8596 1.4201 1.5790 3.8366 -3.5329 2.1006 64.9921 -0.7297 5.1224
Car -1 -1 -1.7408 642.7101 179.9052 688.1266 212.2429 1.4638 1.6008 3.7625 2.6288 1.8297 35.4574 -1.6668 4.9183
Car -1 -1 -2.3573 918.5452 178.0776 1241.0000 374.0000 1.4824 1.5830 3.7990 2.5742 1.5145 2.4714 -1.5515 4.4269
Car -1 -1 -2.1330 374.1889 150.8149 443.5101 182.7039 1.6871 1.6875 4.2971 -11.2925 0.5215 40.2370 -2.4066 3.7529
Car -1 -1 -3.6107 1075.2939 131.4043 1223.9427 174.1285 1.5803 1.7204 4.2885 20.6966 0.0475 27.8950 -2.9723 3.5542
Car -1 -1 0.3089 360.6844 167.8369 413.8618 185.7231 1.5360 1.6433 4.1191 -19.3789 1.1055 62.8024 0.0096 2.5615
Car -1 -1 -3.2398 735.7851 176.7513 842.8773 218.7928 1.5266 1.6267 3.8096 6.7053 1.6811 27.4697 -3.0004 1.5764
Car -1 -1 1.3855 590.4302 176.9207 625.9804 201.6148 1.6227 1.7154 4.2887 -0.2024 1.9201 50.4260 1.3815 1.5225
