Car -1 -1 -1.7234 661.2233 176.0942 737.0086 234.1069 1.6347 1.7026 4.3551 2.6557 1.7473 22.7831 -1.6074 9.8745
Car -1 -1 -2.2823 896.5581 194.1005 1241.0000 374.0000 1.4868 1.5558 3.9515 2.9093 1.6480 3.4722 -1.5849 9.6393
Car -1 -1 3.4861 231.8187 180.6884 424.1984 247.6313 1.5179 1.6286 4.0137 -6.7445 1.7168 17.4235 3.1167 8.9165
Car -1 -1 -1.6639 645.9341 181.0983 688.1985 217.0177 1.5327 1.6021 3.8020 2.5614 1.9387 33.5796 -1.5877 7.8041
Car -1 -1 -2.3269 0.0000 184.8621 149.0389 374.0000 1.4849 1.6161 4.0196 -6.4431 1.5994 6.0393 -3.1446 3.3074
Car -1 -1 3.4257 330.7926 179.9429 469.4863 230.6616 1.4943 1.5925 3.8200 -6.4512 1.7215 22.2802 3.1438 2.9080
Car -1 -1 0.3049 280.8187 180.8490 464.9015 238.5489 1.4883 1.6931 4.4783 -6.4185 1.7168 19.7181 -0.0098 2.8589
Car -1 -1 3.3222 375.7970 180.8426 489.7819 223.2942 1.5087 1.6387 3.9003 -6.5831 1.8175 26.9247 3.0824 2.8202
Car -1 -1 -1.5344 637.3233 182.9058 665.4746 208.5931 1.5010 1.6426 4.2185 2.6495 2.1731 46.0400 -1.4769 2.2345
Car -1 -1 -3.1208 482.0052 175.4834 542.4816 199.8297 1.6055 1.6411 3.9906 -6.6220 1.7877 48.8458 -3.2555 0.5515
Car -1 -1 1.4242 655.6345 188.4649 707.9437 228.8727 1.3947 1.5172 3.4861 2.6873 2.0406 28.0558 1.5197 -0.2646
Car -1 -1 1.2567 818.7682 168.6656 855.5656 187.7481 1.4613 1.6211 4.0053 17.9535 1.1409 57.2624 1.5605 -0.6735
Car -1 -1 1.4640 802.0135 168.4433 830.0978 188.2418 1.4520 1.6318 4.0439 15.6531 1.1289 55.0461 1.7411 -0.7691
