Car -1 -1 -0.3676 670.7834 166.9511 865.4211 235.0983 1.4718 1.5912 4.0998 3.5454 1.3446 16.6888 -0.1583 9.7949
Car -1 -1 3.2839 287.0693 168.0030 404.9543 213.4703 1.6541 1.6739 4.0192 -9.9970 1.4780 27.4786 2.9350 8.3364
Car -1 -1 0.3248 104.1231 166.8786 322.8601 243.3571 1.6682 1.6895 4.1763 -9.1715 1.5382 16.9249 -0.1718 7.9164
Car -1 -1 3.6550 0.0000 181.1518 225.2266 290.5092 1.5094 1.5944 3.6722 -8.2557 1.6495 11.1305 3.0168 7.4615
Car -1 -1 3.7213 0.0000 194.0513 193.0704 333.1584 1.4296 1.5460 3.8159 -7.4783 1.7162 8.7317 3.0131 7.2122
Car -1 -1 3.5372 186.8552 174.0892 362.0658 231.2491 1.4943 1.6133 4.0478 -9.1400 1.5300 19.7792 3.1043 6.6487
Car -1 -1 -0.2583 612.5914 165.5355 724.3193 208.7454 1.5708 1.6504 3.9349 2.1407 1.3051 27.3921 -0.1803 5.8420
Car -1 -1 0.4326 221.7329 171.7024 376.3238 222.9790 1.5243 1.6612 4.0746 -9.5891 1.4904 22.3321 0.0270 4.7637
Car -1 -1 -1.7617 427.4105 167.6115 454.3231 184.8564 1.4948 1.6123 4.0170 -15.2155 1.0407 64.7016 -1.9927 1.4215
Car -1 -1 -1.4647 254.1713 160.9596 277.6172 177.4850 1.5531 1.6400 3.9968 -33.3515 0.4356 69.9679 -1.9095 0.9194
Car -1 -1 1.0600 982.8274 155.1970 1036.2538 178.1379 1.5860 1.6331 3.9450 28.6156 0.3656 51.8571 1.5642 -0.3334
