Car -1 -1 -1.3376 394.3119 182.7212 483.2344 241.5348 1.4697 1.5835 3.6043 -4.5806 1.4085 19.7660 -1.5653 11.8249
Car -1 -1 -1.0152 62.7678 177.3521 214.9537 246.3536 1.6376 1.6636 3.6566 -12.1799 1.4521 18.8988 -1.5877 10.7683
Car -1 -1 -1.1655 161.9528 189.1253 384.0677 311.5560 1.4490 1.5601 3.6860 -4.6450 1.5172 10.4747 -1.5829 10.5624
Car -1 -1 1.7668 432.8110 175.3778 496.7646 221.1961 1.6334 1.6709 3.9323 -5.4389 1.2838 27.5903 1.5722 8.9943
Car -1 -1 -1.5538 573.9947 176.6898 609.6168 209.6030 1.5243 1.6498 4.0740 -0.7831 1.1306 35.3293 -1.5760 5.9126
Car -1 -1 -1.2635 333.8377 182.1216 406.6919 223.8775 1.5068 1.5891 3.8493 -9.1485 1.3962 27.8685 -1.5807 5.8440
Car -1 -1 -0.8705 0.0000 185.3860 100.4802 375.0000 1.7639 1.7092 4.2244 -8.4877 1.7676 8.7812 -1.6389 5.3992
Car -1 -1 -1.1275 180.5793 180.0838 322.5883 247.0938 1.4685 1.6139 3.8672 -8.6216 1.3571 17.6911 -1.5809 5.2329
Car -1 -1 -1.5667 489.8703 164.2284 529.3926 208.9966 2.0840 1.8297 4.4996 -4.9112 1.1082 35.8103 -1.7030 2.8203
Car -1 -1 -1.3227 418.7594 167.9864 466.7061 197.4403 1.4903 1.5945 3.8498 -8.7621 0.6197 38.3113 -1.5475 1.3388
Car -1 -1 3.3267 446.4733 168.3207 504.0341 191.6733 1.6587 1.6758 3.8456 -9.5531 0.4598 51.9001 3.1446 -0.1390
Car -1 -1 -1.3322 404.1735 177.1143 441.2037 199.2032 1.4992 1.6224 4.0628 -13.0540 0.9505 50.8278 -1.5836 -0.1823
