Car -1 -1 -1.7722 695.7618 188.5934 801.4026 260.6556 1.3920 1.5486 3.6992 2.9374 1.4767 15.9207 -1.5898 12.0353
Car -1 -1 -1.3265 376.5014 188.4697 487.2666 266.2363 1.4598 1.5194 3.3293 -3.6648 1.5378 15.3018 -1.5616 11.9177
Car -1 -1 -0.9574 0.0000 200.6433 296.0502 375.0000 1.4538 1.5042 3.6738 -3.6045 1.5967 4.7411 -1.6074 10.7620
Car -1 -1 -1.1117 157.1425 187.2884 308.9935 266.0037 1.4956 1.5231 3.4294 -7.9314 1.5463 15.4710 -1.5855 9.3532
Car -1 -1 -1.4091 449.4827 179.5318 521.2332 232.5007 1.5714 1.6467 4.1740 -3.9242 1.4039 23.4121 -1.5751 8.3403
Car -1 -1 -1.4311 489.8950 180.9268 534.7152 214.5980 1.5117 1.5926 3.8614 -4.5159 1.3203 34.2082 -1.5624 6.5078
Car -1 -1 -1.6188 649.9032 180.4060 687.4310 212.6354 1.4857 1.6273 3.9780 2.8937 1.2651 35.1499 -1.5366 6.4027
Car -1 -1 -1.2732 331.3026 181.1428 412.0875 227.1363 1.5256 1.6244 4.1213 -8.4345 1.3917 25.9153 -1.5879 5.3938
Car -1 -1 -1.5694 588.7631 178.4757 611.5422 198.7817 1.3904 1.5598 3.6098 -0.5592 0.9300 51.0286 -1.5804 4.0462
Car -1 -1 -1.6564 668.5547 164.7936 696.7325 187.0578 1.5053 1.6215 4.1194 5.2182 0.1257 50.6708 -1.5538 2.4162
Car -1 -1 -1.3840 441.4468 169.9818 479.7935 195.0836 1.4503 1.5779 3.8964 -8.8759 0.5713 43.4898 -1.5853 1.9746
Car -1 -1 0.0751 575.7996 181.8306 627.7441 201.6385 1.5456 1.6532 4.0104 -0.4652 1.2826 57.0467 0.0670 1.8638
Car -1 -1 -1.5841 618.2340 180.2649 635.7106 196.1757 1.4885 1.6255 3.9835 1.8212 1.0265 69.2484 -1.5578 1.7882
Car -1 -1 -1.5195 520.8794 180.7201 548.5259 204.4843 1.4713 1.5837 3.8743 -4.7090 1.1941 46.4750 -1.6205 0.9715
