Car -1 -1 -2.3237 724.2256 175.1896 819.5695 217.6713 1.5228 1.5747 3.5930 6.1699 1.6202 28.0218 -2.1070 9.5888
Car -1 -1 3.4914 266.2701 176.4617 420.0017 236.8842 1.5366 1.5823 3.5159 -7.0793 1.6371 19.2373 3.1388 9.5340
Car -1 -1 0.5676 0.0000 181.1224 348.7525 306.6965 1.5046 1.6286 3.8600 -5.7663 1.6252 9.6243 0.0278 8.1651
Car -1 -1 3.3836 326.2332 158.1730 482.7946 220.7217 1.9636 1.8273 4.6303 -6.6709 1.5031 23.6388 3.1085 7.6922
Car -1 -1 -2.5158 0.0000 184.7791 169.2629 374.0000 1.5031 1.6358 3.8274 -6.7086 1.6354 6.8976 -3.2873 6.1013
Car -1 -1 1.3920 624.5081 175.6906 664.1413 203.3713 1.4525 1.5688 3.6636 1.8289 1.6184 40.1726 1.4375 5.4557
Car -1 -1 3.5560 56.5161 175.8920 349.9171 274.6002 1.4990 1.6286 3.9317 -6.6201 1.5541 12.0026 3.0520 3.9751
Car -1 -1 3.2598 296.4464 177.8116 441.1643 229.7845 1.4069 1.5745 3.8155 -6.9193 1.5588 20.9016 2.9401 3.8813
Car -1 -1 -1.7070 605.9333 177.7169 636.5666 199.8868 1.4456 1.5974 3.9198 0.7108 1.7967 49.9852 -1.6928 1.4472
Car -1 -1 -2.9485 451.7030 176.0928 519.5508 200.7983 1.4306 1.5713 3.7372 -7.3805 1.6269 42.8220 -3.1192 1.4160
Car -1 -1 3.2782 478.5744 178.2070 535.8429 198.0785 1.4390 1.6250 4.0221 -7.6182 1.8424 53.5112 3.1367 1.3074
Car -1 -1 -1.6454 470.8568 174.4844 508.7054 205.7296 1.4999 1.6132 3.9326 -6.2400 1.5885 36.9552 -1.8127 -0.4017
