Car -1 -1 -3.3681 873.2508 161.4967 1162.1690 256.0201 1.4852 1.6645 4.1415 6.8473 1.3071 12.6863 -2.8732 4.8325
Car -1 -1 -1.8563 623.3028 163.4844 715.0894 222.1520 1.4995 1.6147 3.5817 1.5225 1.2604 20.3594 -1.7817 4.2359
Car -1 -1 -3.8779 1141.3772 148.2981 1241.0000 254.1771 1.6325 1.6528 4.1535 11.4950 1.2543 12.0054 -3.1142 4.0523
Car -1 -1 1.2818 543.6369 164.4990 598.7052 196.7773 1.4774 1.6413 3.8293 -1.9856 1.0953 35.1011 1.2253 3.3199
Car -1 -1 -0.6820 497.9937 160.9379 556.1044 184.2521 1.5434 1.6258 3.8026 -5.7105 0.7549 49.6894 -0.7965 2.9406
Car -1 -1 -2.5401 0.0000 168.5284 195.0655 229.4729 1.4728 1.6293 4.0680 -13.0756 1.3687 18.2882 -3.1608 1.7255
Car -1 -1 -0.8986 683.7076 160.6753 733.9735 181.9806 1.5166 1.6229 3.8683 7.2981 0.6500 53.2825 -0.7625 1.2293
Car -1 -1 2.0167 285.1944 160.9633 399.3628 218.3385 1.5983 1.6658 4.1397 -8.1411 1.2674 22.2363 1.6658 1.1522
Car -1 -1 1.5911 598.1517 160.6015 624.4761 183.6748 1.4314 1.6282 3.9342 0.0894 0.6717 46.7445 1.5930 -0.6244
Car -1 -1 1.3916 781.2676 153.2984 816.9350 175.6386 1.4839 1.6673 4.1810 13.0409 0.1853 50.0706 1.6463 -0.7529
