Car -1 -1 2.0441 86.4594 199.4656 364.2321 360.7889 1.4988 1.5575 3.6245 -4.5701 1.9027 9.1199 1.5796 13.6034
Car -1 -1 1.8648 301.4499 190.9379 441.9028 287.7519 1.5163 1.5591 3.5516 -4.4215 1.9063 13.7549 1.5538 11.4736
Car -1 -1 2.2885 0.0000 206.1573 183.1402 374.0000 1.5356 1.5972 3.7527 -4.5143 1.8321 4.4838 1.4997 8.5697
Car -1 -1 -1.7085 717.7137 187.0842 780.1835 237.3260 1.5003 1.5768 3.6203 4.5812 2.0190 24.4349 -1.5232 8.2825
Car -1 -1 -1.7623 738.0228 177.8006 848.0353 264.4200 1.8457 1.7752 4.4966 4.3231 1.9846 17.9195 -1.5255 7.2542
Car -1 -1 -1.7179 707.3191 188.1898 757.7430 228.1895 1.4868 1.5480 3.5588 4.9883 2.1626 29.9849 -1.5530 4.4848
Car -1 -1 -1.5203 600.4888 183.8529 619.9659 200.8596 1.4824 1.6248 4.0696 0.0297 2.5456 67.6460 -1.5199 1.7669
Car -1 -1 1.2661 0.0000 132.5709 77.1037 232.8606 1.5703 1.6317 3.9327 -11.5353 0.9399 13.0066 0.5406 1.7232
Car -1 -1 -2.9670 478.4844 176.7676 540.0577 201.2206 1.6802 1.7203 4.0579 -7.0883 1.9612 50.8060 -3.1056 1.5027
Car -1 -1 -2.8161 357.6253 146.9122 441.2715 180.0318 2.0346 1.8331 4.7075 -13.2153 0.4413 45.3366 -3.0997 0.1021
