Car -1 -1 -1.8041 712.9440 179.2780 843.4841 272.2114 1.4880 1.5535 3.6463 2.9659 1.6262 13.6418 -1.5900 12.4492
Car -1 -1 1.8231 309.6082 191.2436 446.9498 285.3131 1.4961 1.6053 4.0799 -4.4665 1.9155 14.3615 1.5216 12.4273
Car -1 -1 1.7660 401.4208 183.5673 489.3044 252.4692 1.6415 1.6237 3.8087 -4.4286 1.9631 19.7100 1.5450 11.3136
Car -1 -1 -1.9149 769.7430 178.6402 1085.9758 374.0000 1.4900 1.5908 3.8782 2.7869 1.5655 7.4197 -1.5556 10.5537
Car -1 -1 -1.7035 674.7690 180.6004 744.8276 234.1783 1.4660 1.6095 3.9578 2.9415 1.7270 22.2929 -1.5723 8.2117
Car -1 -1 1.7439 450.9069 181.3349 521.3282 234.9977 1.6633 1.7007 4.3150 -4.2677 1.9854 25.2070 1.5761 7.5441
Car -1 -1 -1.7016 666.3615 175.2033 724.2504 222.4356 1.7113 1.7134 4.2198 3.2405 1.8113 28.4761 -1.5883 5.7232
Car -1 -1 0.7312 0.0000 200.3955 98.4753 333.9304 1.5465 1.6503 4.1305 -9.5851 1.9512 9.6637 -0.0501 2.3314
Car -1 -1 1.5619 616.2925 176.8146 637.3346 197.3246 1.5649 1.6271 3.8198 1.3005 1.8927 57.7144 1.5844 -0.2850
Car -1 -1 -1.6590 647.4536 141.0676 695.6116 190.4362 2.2898 1.9262 5.2261 2.9525 0.8158 36.0825 -1.5774 -0.6092
