Car -1 -1 -1.2464 307.8636 178.2612 401.3868 232.6164 1.6109 1.6611 4.0134 -8.1221 1.4059 23.3157 -1.5816 12.1988
Car -1 -1 -1.3907 423.5059 182.9446 506.7811 245.1915 1.5686 1.6315 3.6589 -3.8965 1.5125 19.9508 -1.5836 10.6444
Car -1 -1 -1.1344 0.0000 177.1217 403.0426 375.0000 1.5362 1.6379 4.1174 -3.1714 1.4906 6.2330 -1.6050 9.1835
Car -1 -1 -1.5391 570.3533 179.2354 611.3743 217.4595 1.5198 1.6198 3.9472 -0.6981 1.2832 30.5589 -1.5619 6.7154
Car -1 -1 -1.4394 495.7407 175.4960 546.2393 215.1583 1.6608 1.7016 4.2823 -3.8527 1.2549 32.2489 -1.5583 4.9986
Car -1 -1 -0.9539 0.0000 169.1595 208.0149 291.0957 1.5154 1.6238 4.0370 -8.0553 1.3170 10.9619 -1.5876 3.5230
Car -1 -1 1.8327 385.5218 182.6939 448.2641 222.1867 1.5463 1.6144 3.7538 -7.9268 1.4487 30.0221 1.5746 2.1028
Car -1 -1 -1.0853 153.4466 177.5304 300.9430 247.7917 1.4720 1.5676 3.5454 -8.7785 1.3121 16.8327 -1.5661 1.5389
Car -1 -1 -1.0890 201.1490 177.4008 298.5081 220.9523 1.4138 1.5463 3.6185 -12.4476 1.1613 25.1586 -1.5485 0.8882
Car -1 -1 2.0462 344.0653 173.9214 391.5386 195.2916 1.4793 1.6132 3.9634 -17.2635 0.6986 51.8379 1.7247 0.1053
