Car -1 -1 -1.7755 698.3003 177.5038 827.8861 268.8245 1.4537 1.5909 3.8187 2.6633 1.5541 13.5967 -1.5820 11.6233
Car -1 -1 -1.6627 661.2319 174.3612 709.8480 213.4815 1.4438 1.5852 3.4637 2.8829 1.5073 28.4991 -1.5619 9.7945
Car -1 -1 -2.6039 19.2049 182.7678 352.3135 296.0812 1.5340 1.6361 4.0199 -6.2005 1.6939 10.7616 -3.1266 9.1812
Car -1 -1 3.7787 0.0000 195.3155 246.5902 344.3669 1.4447 1.5741 3.9827 -6.5401 1.7249 8.1200 3.1007 8.1539
Car -1 -1 0.4353 195.9574 177.0004 413.1649 254.0355 1.6009 1.6743 4.1173 -6.7125 1.6985 16.0054 0.0382 6.3393
Car -1 -1 0.2632 374.5280 179.9270 500.2493 222.8473 1.4316 1.5797 3.9964 -6.0077 1.6872 25.1907 0.0291 6.3042
Car -1 -1 3.2955 405.9811 176.4084 506.1467 211.6781 1.5209 1.6463 4.1748 -6.8537 1.6848 32.2393 3.0860 5.4244
Car -1 -1 -2.7564 307.1955 171.6939 471.5551 231.7228 1.7265 1.7278 4.4272 -6.6402 1.6935 21.8080 -3.0520 4.8659
Car -1 -1 -1.6627 655.1708 172.7947 698.8686 209.2772 1.6002 1.6718 3.7570 3.0180 1.5979 33.5251 -1.5729 3.3461
Car -1 -1 0.4658 109.4404 182.8464 370.0323 272.4834 1.5340 1.6370 3.9834 -6.7565 1.7307 13.3528 -0.0027 3.1965
Car -1 -1 3.9216 0.0000 208.9263 119.0665 374.0000 1.4695 1.6138 3.8955 -6.3071 1.7911 5.4677 3.0651 1.2174
Car -1 -1 3.4293 465.9312 171.6961 539.7815 197.4128 1.4740 1.6121 4.0040 -6.3087 1.4080 42.4322 3.2817 0.5781
Car -1 -1 -1.7788 795.5382 149.1422 834.2126 173.1746 1.4919 1.6230 3.9598 13.2090 0.0203 46.8190 -1.5039 -0.0240
Car -1 -1 1.6725 513.3894 159.0941 537.0400 176.3669 1.4483 1.6404 3.9866 -7.3334 0.2949 62.5011 1.5557 -0.1783
Car -1 -1 1.7799 514.3385 174.9431 554.3633 201.3939 1.5957 1.6884 4.2984 -4.8088 1.7360 46.1033 1.6760 -0.3393
