Car -1 -1 -1.8886 965.4956 163.2070 1135.3956 257.6094 1.5210 1.5913 3.7774 8.0375 1.3659 13.6373 -1.3560 8.1045
Car -1 -1 -2.2094 0.0000 209.7875 318.2983 369.3549 1.5302 1.5727 3.7122 -5.7215 2.0607 8.9580 -2.7778 7.8585
Car -1 -1 -1.4565 706.4443 173.7523 798.4979 251.1182 1.5394 1.6316 3.7611 3.2953 1.5627 16.4414 -1.2587 7.7998
Car -1 -1 -1.7298 933.1909 163.8861 1029.7496 232.0906 1.6236 1.6618 3.9560 9.7518 1.4105 19.3100 -1.2621 5.3267
Car -1 -1 -1.5177 730.6575 166.9701 796.7397 230.5788 1.6779 1.6816 4.1715 4.5653 1.5231 21.2636 -1.3062 4.6380
Car -1 -1 -2.0677 0.0000 207.4768 81.7313 345.7132 1.6028 1.6773 4.1700 -10.1147 2.1763 10.5108 -2.8339 1.2635
Car -1 -1 -1.7215 884.6155 163.7636 930.3048 196.0877 1.6879 1.7050 4.2760 16.3648 1.2136 39.9536 -1.3327 0.5937
Car -1 -1 -1.5693 771.8717 175.4956 814.7310 214.5922 1.4813 1.6007 3.7776 7.4806 1.5975 29.6359 -1.3221 0.4167
Car -1 -1 -2.9241 704.5773 154.9772 777.8513 184.4719 1.8756 1.7803 4.4746 8.6178 0.7392 47.5673 -2.7449 0.2655
Car -1 -1 -1.7256 901.1856 163.0208 962.1732 207.2302 1.6786 1.6579 4.0811 13.0544 1.3056 29.5795 -1.3099 -0.3319
Car -1 -1 -3.0508 678.6075 152.4452 756.4121 183.1400 1.7252 1.7548 4.3303 6.2300 0.5785 41.9154 -2.9032 -0.5792
Car -1 -1 -2.8565 667.5488 156.9948 744.7091 188.5264 1.8380 1.7505 4.3180 5.7893 0.9139 43.7297 -2.7249 -0.6925
