Car -1 -1 2.0390 230.1531 189.2024 407.3396 279.0240 1.4509 1.6453 3.9839 -5.6569 1.8258 14.4644 1.6662 12.7897
Car -1 -1 1.1679 779.5845 179.6589 1036.7374 329.0775 1.4431 1.5653 3.6275 3.3423 1.5456 8.9825 1.5241 11.0118
Car -1 -1 -1.8419 713.3460 176.3941 843.7270 261.7474 1.5008 1.5930 3.8148 3.2376 1.5834 14.7951 -1.6264 10.4394
Car -1 -1 -1.7285 675.6477 174.9526 739.5899 223.7260 1.4530 1.5160 3.4264 3.0425 1.5264 23.3762 -1.5990 9.9219
Car -1 -1 1.7613 440.3488 178.8756 497.9346 218.1103 1.4714 1.6088 3.8952 -5.7436 1.7351 29.6028 1.5697 6.1816
Car -1 -1 1.3768 665.4644 171.7765 725.1466 215.1830 1.5914 1.6092 3.8381 3.2425 1.5523 28.4288 1.4903 5.5119
Car -1 -1 2.3156 0.0000 214.4383 148.5335 374.0000 1.5096 1.5832 3.5842 -5.6552 1.9480 5.7838 1.5414 4.0682
Car -1 -1 1.3408 782.4842 159.0927 825.0700 184.2944 1.4813 1.6499 4.0262 11.8444 0.6728 44.4462 1.6012 0.2302
Car -1 -1 1.9373 310.2115 160.6864 367.2842 189.3056 1.6193 1.7234 4.3973 -16.1235 0.9312 43.0273 1.5788 -0.0155
Car -1 -1 -2.7622 455.0343 170.4312 510.0163 190.8519 1.5200 1.6389 3.7817 -9.7085 1.3400 54.8910 -2.9373 -0.4906
Car -1 -1 3.1779 527.4223 165.0771 575.0098 184.0739 1.7917 1.7963 4.4777 -5.6103 1.0586 69.0477 3.0968 -0.5452
Car -1 -1 1.6312 388.5777 169.0586 427.5052 203.5004 1.6703 1.6803 4.2886 -10.4065 1.4866 37.2632 1.3589 -0.7999
