Car -1 -1 1.8689 329.3911 186.7203 457.9453 266.3278 1.4516 1.5924 3.9436 -4.6219 1.7943 15.8278 1.5848 13.7890
Car -1 -1 -1.7963 727.2998 180.2045 841.1538 255.0465 1.4120 1.5778 3.8486 3.6413 1.5941 15.9133 -1.5714 13.4276
Car -1 -1 1.9832 121.3297 186.1045 379.0283 331.6609 1.5448 1.6610 4.0593 -4.7148 1.7679 10.0781 1.5456 13.0943
Car -1 -1 -1.8977 784.1332 178.0941 979.0569 300.3991 1.4985 1.5976 3.5577 3.7629 1.5901 10.7765 -1.5617 12.9325
Car -1 -1 1.7934 408.6808 182.8472 492.0342 240.4722 1.4796 1.5795 3.7519 -4.5987 1.7977 21.0581 1.5784 12.6064
Car -1 -1 -2.1529 922.3943 183.8398 1241.0000 374.0000 1.5234 1.5467 3.5814 3.7353 1.6319 5.2885 -1.5379 11.3724
Car -1 -1 -1.6926 695.7307 174.2393 751.9308 220.7901 1.5848 1.5910 3.6647 4.0695 1.6396 26.5276 -1.5403 9.5980
Car -1 -1 -1.7283 706.7964 178.2669 781.3275 236.4981 1.5231 1.5652 3.6105 3.7666 1.6949 21.0284 -1.5511 9.4451
Car -1 -1 1.7330 509.7224 178.9294 552.6223 209.4456 1.4509 1.5981 3.7816 -4.0251 1.7791 37.0017 1.6246 8.7651
Car -1 -1 1.7279 527.7930 178.0906 565.5979 205.7316 1.4947 1.5982 3.8412 -3.6475 1.8123 41.7342 1.6407 5.2174
Car -1 -1 1.4365 685.8296 178.2307 733.6375 216.4624 1.5596 1.5840 3.7960 4.3015 1.8116 31.8638 1.5707 2.2570
Car -1 -1 -2.6419 240.9781 164.1907 322.6955 193.1630 1.9129 1.8382 4.7211 -22.1507 1.3413 48.7270 -3.0686 1.7752
Car -1 -1 0.4190 264.8645 150.7943 349.0629 180.1374 1.6172 1.6560 4.0497 -17.0568 0.4018 40.6356 0.0216 0.8673
