Car -1 -1 -1.1980 91.8944 191.3296 286.0049 295.7572 1.4723 1.5986 3.7046 -6.9590 1.5947 12.3057 -1.7127 10.6269
Car -1 -1 -1.5318 442.5559 180.4985 495.6159 229.7675 1.5265 1.6125 3.4859 -4.6253 1.3815 24.1133 -1.7213 10.3751
Car -1 -1 -1.6736 540.0866 174.4411 616.0350 239.3211 1.6182 1.6922 3.8593 -0.9631 1.3506 19.9605 -1.7218 8.6326
Car -1 -1 -1.3295 250.8773 181.7736 352.1926 240.7949 1.5309 1.6930 4.4331 -8.8117 1.4428 20.9637 -1.7274 8.2130
Car -1 -1 -1.4026 346.8585 183.3117 400.6636 218.8856 1.5064 1.6517 4.1235 -10.5655 1.4269 32.5970 -1.7160 5.3182
Car -1 -1 -1.2440 225.2379 167.6769 302.1479 209.7855 1.6908 1.7194 4.2566 -14.7919 0.9877 31.0743 -1.6882 4.4418
Car -1 -1 -0.9395 0.0000 203.7880 92.4905 375.0000 1.5196 1.5718 3.8752 -6.1730 1.7258 5.8864 -1.7487 4.0794
Car -1 -1 -1.3637 375.9079 179.1038 418.9826 206.1323 1.4801 1.6051 3.9402 -12.0761 1.1465 41.3866 -1.6476 1.9488
Car -1 -1 -1.4330 342.1531 177.5595 372.3516 198.5110 1.5355 1.6335 4.0693 -19.0814 0.9755 54.8342 -1.7679 0.4000
Car -1 -1 -0.9899 0.0000 183.7128 98.8045 295.7422 1.7559 1.6854 4.1639 -11.6632 1.7335 13.4394 -1.7047 0.2217
Car -1 -1 1.9305 327.1330 174.3333 360.9745 190.6889 1.4942 1.6551 4.1074 -24.8062 0.5012 67.7308 1.5794 -0.4971
