Car -1 -1 1.8324 287.1929 191.9053 481.9665 332.0220 1.4381 1.5722 3.6115 -2.8460 1.7434 9.7223 1.5476 12.4189
Car -1 -1 -1.7734 689.8753 176.7240 805.8935 258.5365 1.4832 1.5903 4.0223 2.7144 1.5766 15.3027 -1.5978 11.5781
Car -1 -1 -1.3642 396.3532 178.6364 513.9000 264.8913 1.5471 1.6068 4.0543 -3.1573 1.6858 15.2397 -1.5685 10.7840
Car -1 -1 -1.7288 673.9084 176.1590 752.7187 234.0380 1.4811 1.6039 3.9680 2.8086 1.5854 20.6912 -1.5939 10.6563
Car -1 -1 -1.7518 654.6274 175.1623 718.9105 221.2763 1.5070 1.5914 3.8824 2.6153 1.5962 25.7756 -1.6507 9.9036
Car -1 -1 -1.4674 510.6048 178.8830 559.8973 219.3469 1.4323 1.5561 3.1920 -2.8491 1.6768 27.6102 -1.5703 5.9486
Car -1 -1 -1.3964 461.6694 171.3146 510.8091 206.1773 1.6455 1.7094 4.3000 -6.1757 1.5732 36.2083 -1.5654 4.3036
Car -1 -1 -1.5708 636.6342 171.8486 661.3575 194.7087 1.4770 1.5964 4.0816 2.5985 1.4124 48.6958 -1.5175 2.9102
Car -1 -1 1.4480 648.9613 163.5216 708.5898 213.0914 1.8770 1.8642 4.6354 2.6917 1.5240 29.6650 1.5384 0.8083
Car -1 -1 1.6476 538.0261 176.1893 572.5607 204.7244 1.4390 1.5668 3.7186 -2.9247 1.6268 38.6800 1.5722 0.7552
Car -1 -1 1.5356 646.2531 158.6554 665.2133 174.7189 1.4567 1.6250 3.9599 4.2293 0.1695 67.4325 1.5982 0.3827
Car -1 -1 -2.7057 201.3327 126.8029 364.7808 182.3429 1.8768 1.8446 4.9092 -11.4227 0.3210 25.3313 -3.1293 -0.5611
