Car -1 -1 -1.5483 603.8242 173.7331 678.5004 244.9187 1.5650 1.6461 3.7037 0.8132 1.3137 17.7036 -1.5024 10.5414
Car -1 -1 -0.9914 56.0191 185.9897 207.0551 247.8340 1.4631 1.5680 3.6211 -12.3505 1.4864 18.8584 -1.5712 10.4990
Car -1 -1 -1.1600 142.4557 180.9794 395.5976 322.6327 1.5725 1.6457 4.0123 -4.4056 1.5266 9.9863 -1.5755 9.6670
Car -1 -1 -0.8655 0.0000 193.0902 68.3997 375.0000 1.6135 1.6354 3.9562 -8.2158 1.7247 7.9928 -1.6646 5.7798
Car -1 -1 -1.1634 225.3277 157.1270 323.9438 207.4752 1.6864 1.7327 4.1953 -12.0334 0.7467 26.1919 -1.5941 3.6873
Car -1 -1 -1.2933 365.2215 139.0134 507.5808 249.1588 2.3869 2.0230 5.6960 -4.1739 1.3868 18.4734 -1.5155 2.2237
Car -1 -1 -1.3998 529.4051 169.2691 563.0782 194.6861 1.8078 1.7564 4.4927 -4.5407 0.6747 53.4399 -1.4846 1.4516
Car -1 -1 -1.2224 319.4003 175.7282 405.6763 221.0964 1.4547 1.6005 3.9019 -8.4584 1.1516 25.0138 -1.5485 0.2212
Car -1 -1 -1.1841 233.4723 183.6611 357.2510 245.9600 1.4977 1.6447 4.0043 -8.2574 1.4614 19.2938 -1.5885 -0.0977
Car -1 -1 -1.4042 455.9903 167.7275 526.8318 223.0210 1.7992 1.7671 4.4905 -4.0799 1.2312 25.6394 -1.5620 -0.5520
