Car -1 -1 -1.9845 763.9724 179.3716 1175.6492 374.0000 1.5051 1.5432 3.7740 2.4860 1.5784 6.1606 -1.6010 11.8799
Car -1 -1 -1.7048 660.4644 178.6212 730.0128 232.0962 1.4498 1.5816 3.7567 2.4472 1.6401 21.8646 -1.5934 10.8426
Car -1 -1 -1.1871 208.2265 186.3994 484.9781 360.7813 1.4634 1.5880 3.8340 -2.7373 1.6570 8.3230 -1.5048 9.7085
Car -1 -1 -1.0185 0.0000 199.5631 343.1056 374.0000 1.5023 1.5619 3.7900 -2.7593 1.7121 3.6986 -1.6595 9.6734
Car -1 -1 -1.7518 639.8019 180.7493 690.9069 216.7693 1.5573 1.6629 4.3320 2.5287 1.9588 34.4177 -1.6784 9.6341
Car -1 -1 -1.3470 347.6800 181.0941 483.2722 282.8203 1.5306 1.5607 3.6660 -3.3859 1.7008 13.0107 -1.6016 8.9527
Car -1 -1 -1.5863 532.2813 179.7139 568.0437 214.8411 1.5966 1.6662 4.1846 -3.0434 1.9580 35.8035 -1.6711 6.8524
Car -1 -1 0.1325 508.5232 167.0030 555.4753 183.8838 1.5391 1.6553 4.1312 -7.2006 1.0060 66.6617 0.0249 1.2303
Car -1 -1 -1.2999 547.1871 180.0977 586.1476 204.5227 1.5638 1.6429 4.0892 -2.9622 2.0844 49.6517 -1.3595 1.0098
Car -1 -1 -1.5951 632.5041 175.5063 658.0961 200.7975 1.6980 1.6971 4.2510 2.4302 1.8939 51.0347 -1.5475 0.9928
Car -1 -1 -2.9012 413.3830 167.1631 472.1000 187.4507 1.8520 1.8439 5.0029 -15.4722 1.3328 66.8168 -3.1288 0.3685
Car -1 -1 -2.7772 285.4548 175.1616 408.3215 217.7115 1.4569 1.5949 3.7793 -9.3215 1.5418 25.6180 -3.1262 0.1965
