Car -1 -1 1.8822 360.1187 184.3228 493.2778 267.8208 1.5168 1.6410 4.0084 -3.8669 1.7998 15.7262 1.6411 12.5782
Car -1 -1 1.6965 454.7152 179.0254 521.1277 233.2708 1.5149 1.5730 3.8341 -3.7702 1.7247 22.5380 1.5307 12.0550
Car -1 -1 -1.5253 604.5414 177.2356 647.3285 215.3480 1.4430 1.5920 3.7449 0.6676 1.6353 29.6807 -1.5029 5.3404
Car -1 -1 -1.4601 508.9489 181.2174 549.1252 210.2984 1.2703 1.5035 3.7452 -3.8543 1.6919 34.4652 -1.5714 2.4974
Car -1 -1 -1.6945 687.4250 170.3499 744.1042 216.0496 1.6077 1.6420 3.8656 3.8866 1.5200 27.3279 -1.5532 1.5063
Car -1 -1 -1.4387 505.2255 156.5814 534.2311 178.4002 1.6905 1.7421 4.5128 -7.2565 0.4301 58.1652 -1.5628 1.3494
Car -1 -1 -0.2408 718.7214 156.8130 881.5579 219.7870 1.8254 1.7582 4.4658 5.6011 1.3608 21.8151 0.0105 0.9544
Car -1 -1 -1.6247 638.1586 159.3497 657.1341 175.0142 1.4815 1.6236 4.0778 3.6233 0.2047 70.2789 -1.5732 0.7855
Car -1 -1 -0.7511 454.2086 159.1986 523.1945 184.6323 1.4097 1.6236 3.9076 -7.0504 0.6532 42.0340 -0.9173 0.3219
Car -1 -1 -0.6999 432.1495 154.5115 507.6482 182.8343 1.5958 1.6958 4.3294 -8.2975 0.5627 42.8669 -0.8911 0.0416
Car -1 -1 1.4502 669.5488 169.7407 709.5514 202.1590 1.6789 1.6799 4.1033 4.2547 1.5180 39.4262 1.5577 -0.0619
