Car -1 -1 1.4436 671.2307 175.9434 734.0890 224.9710 1.4831 1.5704 3.9217 2.9567 1.5948 24.0366 1.5660 10.1788
Car -1 -1 -1.7639 695.7593 184.2943 803.0817 260.8061 1.3316 1.4850 3.5000 2.6882 1.5953 14.8416 -1.5847 9.4719
Car -1 -1 0.6393 0.0000 183.1483 299.6215 321.7843 1.4869 1.6135 3.9301 -6.1184 1.6241 8.7247 0.0278 8.9831
Car -1 -1 0.3830 206.0996 162.6959 442.9759 244.8390 1.7284 1.7595 4.5872 -6.2743 1.5150 16.0844 0.0111 5.6579
Car -1 -1 -1.7023 645.3409 173.2049 682.6218 200.5910 1.5356 1.6543 4.1689 3.1039 1.5577 42.6390 -1.6297 5.2727
Car -1 -1 0.2795 375.9091 176.1034 505.1185 223.7760 1.5256 1.6214 3.9097 -5.6469 1.6386 24.1170 0.0495 5.0416
Car -1 -1 3.3155 342.4278 182.1602 487.0341 231.9658 1.3777 1.5414 3.9025 -5.7037 1.6643 21.2476 3.0533 4.9597
Car -1 -1 3.1747 421.2865 175.2182 517.0875 213.2769 1.5290 1.6148 3.8376 -5.8932 1.6320 30.2237 2.9821 4.2168
Car -1 -1 1.6344 549.6545 177.3808 584.8214 205.7087 1.4281 1.6461 4.0829 -2.3020 1.6864 39.0708 1.5755 3.6652
Car -1 -1 3.3415 389.8687 179.2068 516.8941 222.9047 1.5334 1.6614 4.3024 -5.7045 1.7740 26.4241 3.1289 0.1667
Car -1 -1 3.6225 36.6876 158.5138 383.0190 282.9849 1.8649 1.7718 4.6377 -6.3370 1.6504 11.7270 3.1271 -0.4209
Car -1 -1 0.0850 493.6955 173.4911 554.4225 197.3932 1.4970 1.5946 3.7314 -5.4860 1.5388 46.0934 -0.0335 -0.4626
