Car -1 -1 -0.4544 797.5567 182.8540 1071.9557 280.4369 1.5585 1.6496 4.0706 5.4906 1.7465 12.6222 -0.0441 10.9338
Car -1 -1 2.5732 863.4732 188.0073 1231.8889 312.6343 1.4990 1.6117 4.0557 5.6961 1.7235 9.7803 3.1006 9.4634
Car -1 -1 -1.7113 630.0493 180.7324 684.1798 221.5747 1.4367 1.5694 3.8084 1.7231 1.7652 28.0947 -1.6500 9.2593
Car -1 -1 3.7113 0.0000 180.5023 223.3745 334.3931 1.5663 1.6638 4.2080 -7.2027 1.6689 8.5487 3.0111 6.6142
Car -1 -1 0.2848 300.1203 174.4600 455.6951 225.8774 1.5259 1.6617 4.2940 -7.1404 1.5779 22.3479 -0.0244 6.2510
Car -1 -1 -0.3810 783.9576 179.0921 983.1717 259.1533 1.5487 1.6133 3.5076 5.5112 1.6857 14.9430 -0.0276 6.2310
Car -1 -1 -0.7304 1011.3394 183.8657 1241.0000 356.8606 1.4844 1.6247 3.8916 6.3012 1.6060 7.1169 -0.0057 5.9798
Car -1 -1 -2.8538 344.5352 182.2049 471.7112 226.8059 1.4607 1.5898 3.9206 -6.9170 1.7932 24.8003 -3.1258 5.7726
Car -1 -1 0.5377 0.0000 143.8632 312.5462 285.4963 1.9710 1.8396 4.5325 -7.2546 1.5680 11.0549 -0.0430 3.7811
Car -1 -1 -0.8470 1119.1257 196.8641 1241.0000 374.0000 1.5187 1.6334 4.0135 5.9074 1.7075 4.7531 0.0463 1.8373
Car -1 -1 1.4200 680.4880 174.4518 719.4172 202.7454 1.5428 1.6240 4.0852 5.1026 1.6399 41.6400 1.5420 0.2949
