Car -1 -1 -1.8915 755.1800 188.0513 999.9593 349.9243 1.4443 1.5493 3.6801 2.8326 1.6651 8.6235 -1.5741 11.0389
Car -1 -1 -0.3705 821.7629 178.1346 1066.1278 266.3204 1.5625 1.5932 3.9255 6.1779 1.6703 13.7842 0.0509 10.9260
Car -1 -1 0.5695 21.0901 177.9969 363.7867 287.6319 1.5273 1.6854 4.3477 -6.3027 1.6135 11.0947 0.0529 8.0821
Car -1 -1 3.3546 321.7032 176.7523 466.5000 229.5895 1.5954 1.6599 4.1481 -6.8039 1.7249 22.9131 3.0659 7.4839
Car -1 -1 -0.2661 770.0328 185.4241 934.0363 242.1384 1.3984 1.5700 3.8250 6.2459 1.7462 19.0591 0.0506 7.2184
Car -1 -1 -2.7350 262.5077 181.8393 441.3127 243.0512 1.4757 1.6048 4.0353 -6.6186 1.7193 18.5973 -3.0769 7.1532
Car -1 -1 0.6451 0.0000 182.5865 302.6206 322.0355 1.4999 1.6196 3.9056 -6.0848 1.6305 8.7658 0.0384 7.0897
Car -1 -1 3.4350 198.3212 184.6137 411.7665 255.3099 1.4242 1.5802 4.0350 -6.6047 1.6991 15.8521 3.0402 7.0610
Car -1 -1 3.5744 113.6569 174.7219 355.8239 264.5034 1.5765 1.6175 3.7124 -6.9717 1.6144 13.5886 3.1003 6.1125
Car -1 -1 2.8595 726.2893 180.3758 861.4506 227.6533 1.5054 1.6232 4.0898 6.0387 1.7667 24.1416 3.1046 5.9083
Car -1 -1 0.7829 0.0000 192.0546 227.7079 374.0000 1.4766 1.6498 4.0936 -5.8390 1.6667 6.2422 0.0309 5.6737
Car -1 -1 -1.6791 635.7083 178.7971 670.0329 205.8735 1.4895 1.6120 3.7392 2.4441 1.8551 42.4355 -1.6215 4.9739
Car -1 -1 2.9185 708.0982 178.3977 827.7873 221.7530 1.5539 1.6405 4.0972 5.7832 1.7676 26.9171 3.1301 3.7850
Car -1 -1 -0.3220 802.1874 174.1310 1017.0701 250.8346 1.6135 1.6678 4.1278 6.5217 1.6442 16.1663 0.0614 3.3391
Car -1 -1 -1.4325 516.0890 176.4141 548.6709 200.5881 1.6388 1.7327 4.4334 -5.5533 1.9060 51.8166 -1.5392 1.1620
Car -1 -1 1.7306 460.0600 179.1083 518.3165 219.4347 1.4998 1.6851 4.3947 -4.9290 1.7769 29.7169 1.5663 0.4632
