Car -1 -1 -1.0910 89.1153 192.6942 373.5641 339.0666 1.3783 1.5253 3.5897 -4.2926 1.4895 8.7636 -1.5464 11.5592
Car -1 -1 -1.3412 368.0457 178.5356 469.4845 244.0638 1.5172 1.6512 4.0880 -4.8178 1.3637 18.7026 -1.5933 9.4361
Car -1 -1 -1.4002 456.7662 179.3801 513.5801 219.5503 1.4565 1.5768 3.6382 -4.7214 1.2460 27.8813 -1.5680 8.2219
Car -1 -1 -1.5511 577.1323 175.9239 609.9084 205.8725 1.4589 1.5966 3.9419 -0.7257 1.0074 36.9843 -1.5707 7.1100
Car -1 -1 -0.8714 0.0000 163.9209 103.3114 282.3092 1.9704 1.7468 4.3344 -12.3402 1.6171 14.1431 -1.5888 6.9433
Car -1 -1 -1.1166 164.2777 172.2490 311.0041 243.7120 1.4926 1.6046 3.6518 -8.5359 1.2229 16.8485 -1.5856 6.2817
Car -1 -1 -1.2457 323.0391 179.3907 403.3627 222.3839 1.4164 1.5965 3.7100 -8.6245 1.2257 25.5348 -1.5715 5.6170
Car -1 -1 -1.1570 226.7565 174.4615 320.2503 221.9665 1.6383 1.6880 4.0062 -12.3734 1.2685 26.8055 -1.5895 4.3678
Car -1 -1 2.1295 106.3895 161.0854 182.6583 191.7289 1.8756 1.8044 4.9287 -29.8399 0.3998 46.4699 1.5587 1.7884
Car -1 -1 3.2464 482.4197 167.0634 529.1771 186.0009 1.5853 1.6332 3.7834 -8.6440 0.0669 61.0586 3.1057 1.1393
Car -1 -1 -1.3514 450.2286 169.3645 489.4823 194.5174 1.5764 1.6604 4.1793 -9.0149 0.5841 47.1633 -1.5403 0.7013
Car -1 -1 -1.2345 334.8088 160.0356 380.8605 184.4138 1.5531 1.6381 4.1155 -16.6417 -0.0547 47.9883 -1.5683 0.2003
Car -1 -1 -1.4811 511.3642 167.6524 546.2679 199.4787 1.8541 1.7414 4.4072 -4.8139 0.8320 44.0933 -1.5899 -0.6733
