Car -1 -1 -1.7508 671.6880 177.0672 765.4889 246.2684 1.5763 1.6698 4.0905 2.6450 1.6983 18.7625 -1.6108 11.1784
Car -1 -1 3.6126 118.3013 182.8096 369.6743 269.8057 1.5027 1.6090 3.8791 -6.7454 1.7001 13.4648 3.1482 8.9868
Car -1 -1 -1.6807 651.2738 179.8553 703.0551 221.2831 1.5419 1.6668 3.9926 2.6378 1.8485 29.5461 -1.5917 6.6834
Car -1 -1 0.2311 346.1888 170.3590 490.3154 221.5191 1.7328 1.7313 4.6233 -6.6927 1.6486 25.3634 -0.0269 5.7131
Car -1 -1 3.6048 266.5506 180.6200 444.8144 243.8900 1.4977 1.6303 3.9784 -6.4637 1.7074 18.3941 3.2669 5.2774
Car -1 -1 3.3528 322.9887 179.1419 463.0825 228.4352 1.4875 1.5830 4.0272 -6.8587 1.6962 22.9604 3.0625 4.8096
Car -1 -1 -1.7149 633.7461 179.7926 670.9059 207.1495 1.4792 1.6022 3.9619 2.3860 1.9039 42.0896 -1.6583 3.5830
Car -1 -1 0.3539 446.8105 178.0575 521.7373 206.2348 1.5141 1.5895 3.8099 -7.0368 1.8133 40.3098 0.1811 3.3892
Car -1 -1 0.3940 198.3301 177.1649 423.6148 250.2101 1.5268 1.6787 4.3117 -6.5651 1.6280 16.0296 0.0053 3.2111
Car -1 -1 -1.7033 662.2498 187.0540 723.6618 233.7904 1.3769 1.5694 3.5213 2.6533 1.8868 24.1127 -1.5937 2.5216
Car -1 -1 -2.9708 469.5308 178.3823 537.4044 203.6703 1.5379 1.6380 3.9799 -6.6589 1.8907 45.1244 -3.1174 2.2166
Car -1 -1 -1.6882 545.6344 180.2903 569.8375 198.5996 1.5070 1.6472 4.0640 -4.6362 2.1818 63.2848 -1.7614 1.8720
