Car -1 -1 -1.3224 363.3297 185.5391 463.8682 252.9419 1.4454 1.5358 3.2983 -4.5462 1.4550 17.0854 -1.5825 11.8681
Car -1 -1 -1.0641 0.0000 191.8753 327.5875 370.2242 1.4470 1.5671 3.8406 -4.6316 1.5394 7.9111 -1.5937 11.3890
Car -1 -1 -1.3527 414.8648 175.1992 488.9819 226.6406 1.6510 1.6582 4.2172 -5.3917 1.3307 25.1828 -1.5636 8.3313
Car -1 -1 -0.8664 0.0000 178.7061 165.2440 254.8811 1.5284 1.5951 3.6214 -12.0651 1.3989 16.2792 -1.5042 7.9285
Car -1 -1 -1.2792 304.4219 181.4525 384.5985 227.6279 1.4895 1.6291 3.6945 -9.1187 1.3692 25.0750 -1.6280 6.6585
Car -1 -1 -1.5385 571.1141 175.0987 608.0479 208.8927 1.5273 1.6458 3.8315 -0.8539 1.0712 34.4055 -1.5633 5.7836
Car -1 -1 -1.0521 101.2927 172.2908 294.6853 252.0173 1.4719 1.6300 4.3712 -8.5718 1.2344 15.4632 -1.5583 5.7177
Car -1 -1 -1.4862 480.1783 165.9374 527.8463 211.6809 1.9622 1.8000 4.4826 -4.7386 1.1364 33.1211 -1.6283 4.7532
Car -1 -1 -1.4112 455.8321 165.7230 490.6503 191.3599 1.7106 1.7042 4.4607 -9.3625 0.4111 50.2114 -1.5955 2.7275
Car -1 -1 1.4683 672.0685 176.4843 707.0511 203.6558 1.6365 1.7344 4.5721 5.1078 1.1117 45.5847 1.5799 -0.7008
