Car -1 -1 -1.2788 342.4728 175.9585 453.6250 242.3927 1.5105 1.6125 4.0620 -5.2531 1.3012 18.3826 -1.5572 10.7539
Car -1 -1 -1.1652 178.1452 188.2967 389.8090 307.6994 1.4132 1.5135 3.3808 -4.4361 1.4656 10.2831 -1.5725 10.3567
Car -1 -1 -1.5398 573.0102 174.7979 611.2558 209.6899 1.5171 1.6474 3.9221 -0.7040 1.0652 33.2205 -1.5610 6.9259
Car -1 -1 -1.0782 173.8605 180.8885 313.9788 243.9976 1.4214 1.5754 3.6788 -9.0061 1.3251 18.0492 -1.5410 6.2773
Car -1 -1 -0.8841 0.0000 190.9707 95.2782 360.7191 1.5919 1.6206 3.9092 -8.4812 1.6803 8.8841 -1.6463 5.9432
Car -1 -1 -1.4379 447.7604 162.5778 514.8581 222.5985 2.0152 1.8375 4.5487 -4.5830 1.2563 26.4400 -1.6096 5.3357
Car -1 -1 3.2679 472.3455 172.4747 540.8311 197.3768 1.5144 1.6349 4.0311 -6.2562 0.7407 44.5578 3.1284 1.9356
Car -1 -1 -1.4385 468.2546 165.5069 528.4549 218.3860 2.0466 1.8545 5.0783 -4.5522 1.2850 30.3731 -1.5873 1.8426
Car -1 -1 1.9713 122.6047 168.7366 164.6390 187.2282 1.5517 1.6522 3.9652 -40.2506 0.1700 62.4146 1.3985 0.4964
Car -1 -1 1.7928 396.6492 167.4886 423.7026 183.9341 1.4840 1.6174 3.9128 -18.4314 -0.1222 67.1650 1.5249 -0.5014
