Car -1 -1 2.0337 182.4234 191.0244 314.2348 258.4279 1.5356 1.6252 3.8005 -9.5828 2.0717 19.3650 1.5742 12.8344
Car -1 -1 2.0118 262.3676 186.2045 347.0014 230.9295 1.5946 1.6280 3.8430 -12.1378 2.1648 28.8434 1.6135 8.8456
Car -1 -1 1.7562 460.7116 179.8747 504.0944 211.7060 1.5690 1.6184 3.6460 -6.7380 1.9589 38.2012 1.5816 3.7748
Car -1 -1 1.7198 505.8995 181.3200 540.4125 207.1122 1.4367 1.5389 3.5757 -5.1894 1.9650 43.1859 1.6002 1.9211
Car -1 -1 1.7405 481.4161 181.9415 518.7804 209.1322 1.5075 1.6070 3.6965 -6.5526 2.0743 43.1084 1.5897 1.5143
Car -1 -1 1.7876 425.3903 180.3685 480.4220 218.1954 1.4899 1.5923 3.4524 -6.6887 1.8294 30.8323 1.5740 0.4654
Car -1 -1 -0.9213 0.0000 182.7952 184.5942 340.9034 1.4863 1.5407 3.4720 -6.9796 1.6315 8.7543 -1.5944 0.0727
Car -1 -1 1.4357 682.7231 176.0139 725.5948 208.0548 1.5511 1.6529 4.1059 4.7821 1.7242 37.3920 1.5629 0.0521
Car -1 -1 1.7467 466.8884 182.7831 495.8440 202.1213 1.4732 1.6621 3.9764 -10.5017 2.3128 58.9942 1.5705 0.0234
Car -1 -1 1.8673 356.7191 183.3485 437.9292 233.6999 1.4569 1.5448 3.5874 -6.8517 1.8243 23.4288 1.5828 -0.6244
