Car -1 -1 -1.3448 816.7940 185.2461 931.1981 267.7722 1.4787 1.5494 3.4453 5.6482 1.7748 15.3518 -0.9922 10.8939
Car -1 -1 2.0244 603.7566 177.5939 830.8926 328.6871 1.6004 1.6044 3.5216 1.5380 1.6768 9.6616 2.1823 9.6719
Car -1 -1 -0.8497 226.1995 160.6112 695.0903 374.0000 1.6247 1.6542 3.9879 -0.9471 1.5553 6.2355 -1.0004 6.0843
Car -1 -1 -2.7546 808.0533 172.2117 920.3885 214.7355 1.5868 1.6678 3.8923 10.0664 1.5632 28.8341 -2.4187 4.7710
Car -1 -1 1.7396 958.3644 180.8890 1017.5740 219.9528 1.5588 1.6658 3.9568 16.6219 1.9355 31.7219 2.2222 4.6825
Car -1 -1 -2.3894 448.5029 143.1544 599.6129 209.4751 1.6457 1.6541 4.0707 -2.4578 0.9091 19.7669 -2.5131 3.5468
Car -1 -1 -1.5129 1120.3044 192.8388 1206.2930 258.3150 1.4501 1.5919 3.7973 14.6774 2.0346 19.1291 -0.8584 2.9352
Car -1 -1 0.0849 977.3782 159.8353 1035.6083 180.0403 1.8896 1.8088 4.7834 38.1817 0.6724 69.5538 0.5869 2.2890
Car -1 -1 -1.7558 1139.7149 169.6162 1241.0000 374.0000 1.8452 1.6817 3.8436 6.1339 1.8246 6.7489 -1.0181 2.1944
Car -1 -1 1.1319 1088.5785 185.4583 1145.9861 209.3229 1.4981 1.6545 4.0743 34.8370 2.4045 49.7115 1.7431 0.6061
Car -1 -1 -1.4756 940.9320 167.4229 977.3146 193.5611 1.4964 1.6110 3.8573 20.9849 1.1858 43.3718 -1.0250 -0.1455
Car -1 -1 -0.3697 0.0000 144.0592 428.2012 360.4825 1.5678 1.5849 3.7417 -3.9049 1.3596 7.1644 -0.8688 -0.2402
