Car -1 -1 -1.7365 663.3605 179.2377 760.6779 248.4999 1.4412 1.6330 4.1526 2.2880 1.6151 17.5031 -1.6065 10.0082
Car -1 -1 3.5497 162.0581 184.1107 400.4891 262.6350 1.4535 1.5984 4.0356 -6.4848 1.6918 14.4193 3.1271 8.5372
Car -1 -1 3.6555 30.4425 182.8782 342.4674 279.3475 1.4580 1.5958 4.1991 -6.8566 1.6349 11.8893 3.1324 6.6266
Car -1 -1 -1.5960 642.4131 177.8148 680.2285 213.2998 1.4841 1.5988 3.7532 2.2302 1.7218 32.6171 -1.5277 5.2894
Car -1 -1 0.3823 263.0848 176.3876 438.7210 238.0543 1.5940 1.6769 4.1852 -7.0215 1.6952 19.6736 0.0395 5.1840
Car -1 -1 -2.8268 330.1594 171.6405 474.9207 225.5272 1.8288 1.7769 4.5844 -7.2833 1.7879 25.4550 -3.1055 4.0840
Car -1 -1 3.3471 381.1758 178.1234 494.9886 218.3510 1.5508 1.6435 4.1915 -6.8647 1.7688 28.9224 3.1141 2.5838
Car -1 -1 1.6868 511.4379 179.8176 542.3050 203.1113 1.4960 1.6500 4.0592 -5.6990 1.9945 49.5829 1.5724 1.0634
Car -1 -1 -2.2289 510.5826 177.2588 555.0607 196.0379 1.4663 1.5906 3.8705 -6.3818 1.8400 59.1960 -2.3363 0.2478
Car -1 -1 1.6569 503.1850 161.3810 525.4484 178.2644 1.4982 1.6757 4.1273 -8.7563 0.4805 66.1252 1.5253 -0.0353
