Car -1 -1 -1.0297 0.0000 189.0816 350.6862 375.0000 1.4896 1.5459 3.8281 -3.5498 1.5320 5.7511 -1.5827 12.3361
Car -1 -1 -1.2426 305.3667 187.4881 398.3730 241.2594 1.4422 1.5406 3.4626 -7.4653 1.5157 21.1627 -1.5817 10.8136
Car -1 -1 -1.3737 419.5588 174.9873 520.4576 252.7464 1.7154 1.6885 4.0678 -3.3345 1.4909 17.8988 -1.5579 7.5664
Car -1 -1 -1.3253 395.8669 182.4452 456.1843 219.0000 1.4749 1.6257 3.8593 -7.7753 1.3643 30.9313 -1.5716 5.6763
Car -1 -1 -1.5864 583.6094 180.4718 619.2901 214.2413 1.5606 1.6502 3.8780 -0.3759 1.3425 35.1771 -1.5971 5.2787
Car -1 -1 -0.9974 45.3099 186.8559 214.3295 257.2002 1.6275 1.6997 4.1223 -12.2976 1.6762 18.7901 -1.5769 4.6650
Car -1 -1 1.8209 269.1397 183.6741 338.2466 223.3482 1.5390 1.6664 4.2284 -12.6614 1.4803 30.0956 1.4227 2.2367
Car -1 -1 -1.4507 482.4124 185.1099 528.4570 219.1703 1.4947 1.6520 4.0980 -4.7516 1.4912 33.6071 -1.5912 2.0716
Car -1 -1 2.2461 0.0000 171.7211 183.1294 300.8184 1.4325 1.5480 3.3587 -7.5417 1.2839 9.6617 1.5834 1.2729
Car -1 -1 -1.3258 469.2056 179.9813 507.7544 202.9017 1.5064 1.6512 4.1712 -8.1628 1.1635 49.3889 -1.4896 -0.6541
