Car -1 -1 -1.8402 727.8798 182.7771 914.9099 311.4713 1.4767 1.5690 3.7804 2.7703 1.6471 10.4677 -1.5814 13.0927
Car -1 -1 -2.0777 837.7361 176.1307 1241.0000 374.0000 1.5495 1.5768 3.7099 2.6857 1.5788 4.4943 -1.5391 11.5494
Car -1 -1 -1.7406 674.9097 173.1977 756.4225 237.7108 1.5833 1.5822 3.5301 2.7120 1.5938 19.5142 -1.6025 11.0035
Car -1 -1 -1.6681 648.8141 174.8848 690.2160 208.3420 1.4482 1.5471 3.6167 2.6536 1.5473 33.2721 -1.5886 7.5071
Car -1 -1 -2.4311 0.0000 191.5965 193.9564 359.0488 1.4408 1.5895 3.7597 -6.5760 1.6513 7.2397 -3.1684 6.0587
Car -1 -1 0.2288 395.7948 173.7146 506.4382 213.4725 1.5347 1.5912 4.0443 -6.3048 1.5702 28.7053 0.0126 5.2032
Car -1 -1 0.3291 318.2931 173.3297 470.2509 228.8361 1.5237 1.6180 3.8633 -6.1615 1.5383 20.7050 0.0399 5.1529
Car -1 -1 -2.9495 304.3061 162.2102 450.5030 218.6133 1.7229 1.7209 4.2108 -7.3941 1.3982 23.1389 -3.2588 5.1234
Car -1 -1 0.3981 266.9725 172.2907 451.0576 237.1139 1.5539 1.6639 4.0744 -6.3112 1.5407 18.2565 0.0653 4.7504
Car -1 -1 4.0472 0.0000 182.7071 59.9449 374.0000 1.5598 1.6508 4.1186 -6.4137 1.6376 4.7873 3.1176 2.5941
Car -1 -1 3.3876 335.0654 175.6841 466.3109 218.9804 1.4791 1.6051 4.2154 -7.4022 1.5834 25.6363 3.1065 1.7948
Car -1 -1 3.2566 423.9138 174.6356 520.5598 211.8586 1.5307 1.6363 3.8800 -5.8425 1.6093 30.7180 3.0687 1.3297
Car -1 -1 3.6658 187.2682 172.1575 435.7062 266.0685 1.6840 1.7099 4.1839 -5.7735 1.6719 14.0642 3.2763 0.8394
Car -1 -1 1.6641 532.8248 172.7135 558.7757 193.1726 1.5611 1.6636 4.2225 -5.0737 1.5507 57.1665 1.5756 -0.0705
Car -1 -1 0.8041 1062.9555 184.7348 1128.1578 206.2106 1.4460 1.6581 4.0041 35.5825 2.3545 53.0364 1.3950 -0.5691
