Car -1 -1 -1.7769 702.8804 186.9850 816.0798 271.9452 1.4925 1.5722 3.6123 2.9361 1.8241 15.0938 -1.5848 9.9128
Car -1 -1 3.2687 281.6008 178.5225 442.1044 241.9696 1.6040 1.6542 3.9549 -6.6755 1.7683 19.6579 2.9413 7.0072
Car -1 -1 0.6240 0.0000 173.0494 259.0777 343.7500 1.5700 1.6797 4.2215 -6.2847 1.5727 7.6133 -0.0661 6.2644
Car -1 -1 0.3311 186.0060 171.0343 428.4217 260.9061 1.7240 1.7170 4.2662 -6.1069 1.6895 14.8228 -0.0597 6.1873
Car -1 -1 2.9138 692.6599 177.8101 800.7780 217.5175 1.7378 1.7156 4.5522 6.1130 1.9698 32.7690 3.0982 6.0626
Car -1 -1 3.7199 0.0000 177.8803 304.6619 308.5367 1.6425 1.6792 4.1092 -6.6953 1.7185 9.9978 3.1298 5.8762
Car -1 -1 -0.2786 778.9910 187.2388 909.3908 236.7302 1.4475 1.5393 3.5621 7.1515 1.9109 22.4024 0.0304 5.3432
Car -1 -1 3.1774 465.8582 176.5968 537.9009 205.5577 1.6936 1.6814 4.2202 -6.5163 1.9254 43.5415 3.0288 4.6656
Car -1 -1 0.4460 122.9018 180.8027 395.8250 278.1679 1.5492 1.5980 3.9185 -5.9319 1.6951 12.4073 -0.0000 4.4294
Car -1 -1 -1.6306 635.5507 161.7239 675.9830 209.4851 2.6036 2.0149 5.3859 2.5561 1.9972 42.0242 -1.5699 2.4795
Car -1 -1 -1.7521 700.8268 174.6651 744.0190 206.9706 1.7169 1.6891 4.0522 6.2351 1.8244 40.6240 -1.5999 1.6187
Car -1 -1 0.2602 376.4522 166.1018 488.6994 213.1745 1.8261 1.7247 4.0582 -7.0831 1.5645 28.8907 0.0198 1.3739
