Car -1 -1 1.8277 389.6182 184.6353 469.6829 237.3538 1.4723 1.5533 3.7642 -5.6635 1.8773 22.8876 1.5851 12.4680
Car -1 -1 1.9226 309.5045 190.4049 431.4165 264.0229 1.5014 1.6191 3.6835 -5.6983 1.9723 17.4742 1.6074 12.2156
Car -1 -1 1.7809 434.7191 183.7743 493.6578 226.6965 1.4849 1.5203 3.4556 -5.5467 1.9290 27.5791 1.5824 9.7590
Car -1 -1 1.7500 467.3357 181.5344 516.5227 216.3847 1.4923 1.6057 3.9079 -5.5113 1.9235 33.8414 1.5885 8.4494
Car -1 -1 -0.8687 0.0000 202.1322 186.2763 374.0000 1.6874 1.6697 4.0594 -5.8402 2.0342 6.4815 -1.6021 6.5614
Car -1 -1 1.4271 664.2679 174.1770 709.0075 207.3375 1.5218 1.6124 3.9619 3.6492 1.5905 35.2826 1.5302 3.8317
Car -1 -1 1.7570 498.6906 182.3733 538.6642 208.8988 1.3920 1.5671 3.9600 -5.2137 1.9645 41.3394 1.6315 3.0917
Car -1 -1 -0.4566 1057.2233 140.4900 1163.8665 172.4792 1.4620 1.6333 3.8093 23.5290 -0.0179 34.0865 0.1476 2.1740
Car -1 -1 -1.9978 930.7475 149.4463 993.2151 177.9220 1.5413 1.6337 4.1141 19.9402 0.2747 41.1288 -1.5464 -0.1619
Car -1 -1 0.8986 1088.7209 136.1335 1206.8457 174.7908 1.4665 1.6387 4.1335 21.7548 0.0738 29.4651 1.5346 -0.7109
