Car -1 -1 -1.1599 201.0611 179.6320 340.3643 255.6666 1.6049 1.6363 3.6905 -7.8535 1.4882 17.0319 -1.5919 10.4323
Car -1 -1 -1.3205 365.9307 181.0162 431.9888 222.2854 1.5563 1.6548 3.8744 -8.3906 1.3990 29.0663 -1.6016 10.1705
Car -1 -1 -1.5662 556.5757 179.8957 607.6849 228.4646 1.5769 1.6603 3.8180 -0.9355 1.4053 25.2705 -1.6032 8.8608
Car -1 -1 -1.4112 431.6099 181.7693 522.2592 248.8870 1.5818 1.6885 4.3469 -3.3882 1.5017 19.1249 -1.5866 8.7883
Car -1 -1 -1.4265 488.5406 183.5278 534.7432 216.5943 1.4081 1.5419 3.7970 -4.3216 1.3373 32.5150 -1.5587 7.3922
Car -1 -1 -0.9288 0.0000 195.3168 291.0265 375.0000 1.5011 1.5718 3.8987 -3.1218 1.5801 3.5322 -1.6526 6.3088
Car -1 -1 1.9128 325.4520 181.3743 384.5630 210.9976 1.4412 1.6309 3.9649 -12.9441 1.2554 36.9546 1.5759 3.8731
Car -1 -1 1.9554 258.9293 184.3837 334.6420 221.9758 1.4872 1.6143 3.8303 -13.0732 1.4555 30.3686 1.5489 1.1779
Car -1 -1 -0.8424 0.0000 179.0339 62.2901 283.8058 1.6403 1.6657 3.8759 -12.3450 1.5446 13.2074 -1.5941 0.3260
Car -1 -1 1.8386 370.5237 166.8909 405.4632 186.6746 1.5056 1.6254 4.0504 -17.3160 0.1122 56.7499 1.5424 0.1794
Car -1 -1 -1.3377 434.7618 177.0404 478.5365 204.8886 1.5363 1.6291 3.8759 -8.7167 1.0864 41.6111 -1.5441 -0.4445
Car -1 -1 2.0883 174.0279 171.3310 213.3060 187.2651 1.4768 1.6028 3.7429 -39.4139 0.1911 68.4965 1.5662 -0.7889
