Car -1 -1 -1.7029 664.2902 173.2400 733.9805 226.0573 1.4932 1.6274 3.8397 2.6238 1.5065 22.3561 -1.5861 9.6687
Car -1 -1 0.3889 171.2925 171.0333 422.9581 256.2809 1.6100 1.7050 4.3209 -6.1889 1.5760 14.5075 -0.0143 8.6162
Car -1 -1 0.2186 362.8953 173.2434 490.9775 220.8001 1.5097 1.5950 3.8356 -6.0008 1.5233 23.7685 -0.0287 8.1996
Car -1 -1 -2.5342 0.0000 169.3902 303.9751 308.7056 1.5592 1.6210 4.0237 -6.1786 1.5208 8.8839 -3.1419 7.0386
Car -1 -1 0.3973 273.9170 173.0530 445.2151 232.4251 1.4924 1.6249 3.9602 -6.5901 1.4982 19.0788 0.0648 5.4959
Car -1 -1 0.1512 450.9829 167.8355 536.2236 200.3042 1.6027 1.6366 4.0516 -5.8683 1.3553 36.4477 -0.0084 4.7843
Car -1 -1 0.7829 0.0000 163.6478 168.6260 369.4021 1.6125 1.6719 4.1171 -6.6129 1.5407 6.5091 -0.0104 3.6860
Car -1 -1 -0.1672 724.9390 169.3620 831.9002 212.5731 1.5910 1.6241 3.7451 6.3047 1.4628 27.4842 0.0583 3.4010
Car -1 -1 0.2609 268.2973 157.7111 441.1898 222.2262 1.8270 1.7510 4.5539 -7.5198 1.3985 21.4757 -0.0759 3.3900
Car -1 -1 0.3516 201.6756 160.8196 403.6606 237.0432 1.6830 1.6668 4.0135 -7.1003 1.4176 16.8551 -0.0471 2.7760
Car -1 -1 -3.0272 513.2767 172.9070 562.4457 191.0154 1.4728 1.6010 3.8794 -5.9480 1.4776 59.5173 -3.1268 2.2784
Car -1 -1 0.2587 342.3010 147.1758 516.1210 214.0758 2.3447 1.9992 5.8365 -6.5271 1.4451 26.3312 0.0157 2.1888
Car -1 -1 -1.6436 666.2053 161.7457 696.5078 191.1079 2.0358 1.8332 4.8843 5.1116 1.2660 52.4889 -1.5465 1.4852
Car -1 -1 -1.6774 689.4157 159.8838 724.6717 186.3179 1.4896 1.6347 4.0719 5.6610 0.7591 42.7123 -1.5456 1.4332
