Car -1 -1 -1.2680 306.1941 184.8554 448.4630 273.8056 1.5147 1.6057 3.6836 -4.3812 1.5097 14.0798 -1.5696 11.8029
Car -1 -1 -0.9932 0.0000 194.3459 201.7134 292.8759 1.3455 1.4656 3.2490 -8.3036 1.5171 11.7686 -1.6077 9.7758
Car -1 -1 -1.3766 425.1535 180.0934 495.0472 227.9531 1.4700 1.5719 3.8297 -4.8772 1.3138 23.9947 -1.5771 9.7732
Car -1 -1 -1.4239 479.4731 179.0241 525.8837 213.0638 1.4860 1.5888 3.7868 -4.8370 1.2168 33.2732 -1.5683 7.9208
Car -1 -1 -1.0271 47.0968 158.2656 229.5822 243.2088 2.0028 1.8856 4.7873 -12.3840 1.3685 19.3620 -1.5962 7.5586
Car -1 -1 -1.3358 280.3756 181.1542 366.8204 234.2334 1.5077 1.6532 3.8409 -8.7896 1.3935 22.4315 -1.7093 7.1031
Car -1 -1 -1.5324 575.9217 178.1377 609.9669 208.4456 1.5125 1.6448 3.8894 -0.7642 1.1604 37.8309 -1.5526 5.4582
Car -1 -1 2.3638 0.0000 211.8535 171.1225 375.0000 1.4746 1.6322 4.1607 -3.9482 1.6753 3.2336 1.4792 4.3104
Car -1 -1 3.2978 474.3721 169.0487 517.6758 185.3662 1.5076 1.6110 3.7984 -10.4324 0.0150 67.2242 3.1438 0.0805
Car -1 -1 0.1385 465.2551 176.5737 521.5633 197.9920 1.5157 1.6302 3.8135 -8.2132 0.9052 51.7174 -0.0190 -0.7133
Car -1 -1 1.8102 418.8879 174.6972 463.4344 202.2559 1.5162 1.6358 3.8641 -9.5837 0.9387 41.4885 1.5832 -0.8164
