Car -1 -1 -2.0289 799.9452 192.9788 1241.0000 374.0000 1.4429 1.5367 3.6757 2.6369 1.6462 5.4303 -1.5768 13.1965
Car -1 -1 1.6897 467.7253 184.1778 539.0450 242.1794 1.4256 1.5604 3.6067 -2.9523 1.7726 20.2660 1.5450 11.7781
Car -1 -1 -1.7373 642.1324 176.6023 711.3683 228.3301 1.5627 1.6492 3.9653 2.0961 1.6991 24.1334 -1.6506 10.2470
Car -1 -1 3.5730 17.0007 175.2923 325.3130 283.4322 1.5544 1.6358 3.8441 -6.7889 1.5969 11.4287 3.0370 6.6098
Car -1 -1 3.3068 357.3721 179.5529 481.3285 221.5750 1.5004 1.6535 4.2887 -7.1183 1.7619 27.1049 3.0500 6.4316
Car -1 -1 0.5796 0.0000 182.0857 269.9651 323.4350 1.5094 1.6584 4.0494 -6.6150 1.6345 8.7878 -0.0657 5.5670
Car -1 -1 3.9259 0.0000 194.8026 112.6574 374.0000 1.5020 1.6348 4.1177 -6.1743 1.6858 4.9980 3.0356 2.4311
Car -1 -1 1.7428 470.4733 158.1459 494.4490 173.6876 1.4522 1.6237 3.9277 -12.2492 0.0782 69.3820 1.5681 0.8436
Car -1 -1 0.0772 472.1437 164.5389 533.3682 186.7785 1.6380 1.7403 4.4262 -8.0344 1.0260 54.1646 -0.0701 0.4985
Car -1 -1 -0.8879 149.7680 162.1752 214.7131 188.4588 1.9486 1.8008 4.6482 -33.0837 1.1573 55.9234 -1.4221 0.2676
Car -1 -1 -1.8076 725.5060 178.7841 768.0106 206.1163 1.5636 1.6350 4.1090 8.3007 1.9451 44.2771 -1.6222 -0.2206
