Car -1 -1 1.9746 142.8181 186.9252 381.2430 317.6567 1.4886 1.6382 4.1425 -4.8950 1.7395 10.7529 1.5474 12.6996
Car -1 -1 -1.7986 726.2424 179.8643 839.2084 258.2404 1.5101 1.5766 3.9516 3.6823 1.6875 16.2333 -1.5755 12.2791
Car -1 -1 1.7997 449.3570 178.7191 514.5181 222.3225 1.4668 1.5947 3.5658 -4.6841 1.6981 26.5846 1.6253 12.1715
Car -1 -1 -1.8697 762.4550 181.7246 954.4088 305.2370 1.4743 1.5648 3.8940 3.4212 1.6320 10.8424 -1.5640 11.5780
Car -1 -1 -2.1129 856.9329 187.0044 1241.0000 374.0000 1.4711 1.5745 3.8785 3.3895 1.6228 5.7699 -1.5817 10.9568
Car -1 -1 -1.7742 699.5657 179.4807 778.6577 234.5043 1.4738 1.5747 3.8578 3.7414 1.6919 21.7485 -1.6038 10.1994
Car -1 -1 1.7862 478.6963 176.9785 533.4978 214.8348 1.5184 1.5811 3.7817 -4.4796 1.7088 31.3046 1.6440 10.1792
Car -1 -1 2.2633 0.0000 211.5302 220.9363 374.0000 1.5400 1.6174 3.7543 -4.8299 1.9392 5.5414 1.5464 7.5411
Car -1 -1 -1.7136 695.0651 175.8443 752.6933 220.4737 1.5610 1.6342 3.6683 4.1962 1.6823 27.3238 -1.5612 7.3829
Car -1 -1 -0.0314 646.3185 172.2161 692.6342 188.8479 1.4830 1.6273 4.1231 5.3293 1.4265 65.2490 0.0501 1.4977
Car -1 -1 -1.7124 730.8545 159.7947 766.0635 184.2636 1.5640 1.7077 4.3687 9.1918 0.7296 48.3383 -1.5245 -0.0533
