Car -1 -1 0.3481 235.7913 173.8084 446.6627 245.4097 1.5407 1.6557 4.1734 -6.0310 1.5638 16.3826 -0.0046 9.0985
Car -1 -1 -1.6714 660.7503 177.5818 721.8939 223.0161 1.3644 1.5932 4.3218 2.6002 1.5381 24.2814 -1.5648 8.5891
Car -1 -1 0.5676 0.0000 164.9136 270.3063 322.9406 1.6231 1.6395 4.0354 -6.4141 1.5419 8.3958 -0.0848 8.3170
Car -1 -1 -2.6419 36.0799 175.2027 350.7477 285.0459 1.5085 1.6251 3.7588 -6.0971 1.5467 10.7828 -3.1565 6.0971
Car -1 -1 0.3843 301.9640 176.0648 452.5895 229.2582 1.4660 1.5709 3.8489 -6.7276 1.5635 20.9177 0.0731 4.3744
Car -1 -1 0.2280 386.3336 173.2938 502.1521 216.9920 1.5035 1.5901 3.7495 -5.8714 1.5199 25.6390 0.0029 4.0131
Car -1 -1 0.1680 454.3773 167.7925 537.8270 198.2658 1.5872 1.6611 4.1728 -6.0572 1.3240 38.4343 0.0117 3.2098
Car -1 -1 0.2318 358.2359 147.2480 526.5259 213.5117 2.5068 2.0300 6.1337 -6.5075 1.5385 28.3268 0.0060 2.9228
Car -1 -1 0.0857 482.1136 172.1154 549.7591 198.4221 1.5303 1.6053 3.8621 -5.5795 1.4877 42.8567 -0.0438 1.7859
Car -1 -1 0.1939 257.5417 168.5775 430.3302 234.2709 1.6085 1.6391 3.9771 -6.8411 1.5041 18.7812 -0.1554 1.7672
Car -1 -1 3.0103 659.5607 167.8496 713.5961 188.8570 1.5264 1.6048 3.7882 5.5992 1.1631 53.2762 3.1150 0.1195
Car -1 -1 0.3249 292.9623 153.2057 459.9180 219.2865 2.0745 1.8328 4.8660 -7.5833 1.4580 23.5993 0.0140 -0.1351
Car -1 -1 2.1790 225.0250 155.2231 280.2323 177.3705 1.5295 1.6346 3.8774 -25.6498 0.3123 51.8664 1.7197 -0.6990
