Car -1 -1 1.8972 250.0295 194.5507 394.1886 281.1723 1.4782 1.6379 3.9605 -5.9687 2.0003 15.3345 1.5260 13.4722
Car -1 -1 1.8571 378.7675 190.2992 467.7264 244.5503 1.4627 1.6438 4.0280 -5.8275 2.0640 22.8072 1.6069 12.7698
Car -1 -1 2.0955 0.0000 203.6253 277.4444 358.3196 1.4573 1.5388 3.6435 -5.9286 1.9368 9.3810 1.5319 12.7353
Car -1 -1 -1.7178 680.5691 177.2214 754.3953 233.5001 1.5686 1.6558 4.1979 3.2045 1.7181 22.5382 -1.5765 9.7151
Car -1 -1 -1.7709 702.7668 178.1456 802.5911 249.2469 1.4576 1.5526 3.7403 3.1744 1.5961 16.9509 -1.5857 9.5769
Car -1 -1 1.7947 435.4631 187.6456 494.0761 229.2716 1.4855 1.5520 3.5031 -5.7648 2.1122 28.7772 1.5970 8.3689
Car -1 -1 2.5239 1058.7833 124.6212 1241.0000 248.3265 1.7267 1.6453 3.9059 9.3103 1.0538 11.0495 3.2240 5.9345
Car -1 -1 1.4508 662.3694 180.2987 708.3470 216.3872 1.4852 1.5874 3.9175 3.2906 1.8411 32.4799 1.5518 4.8279
Car -1 -1 -3.6485 910.7432 151.7725 1132.3382 225.5438 1.5633 1.6795 3.9949 9.0236 1.1169 16.1334 -3.1385 4.2285
Car -1 -1 2.5380 989.1922 134.0479 1241.0000 226.5708 1.6429 1.6354 3.8966 9.4957 0.9542 13.6363 3.1463 4.1121
Car -1 -1 -3.6231 831.4951 156.1518 1010.9412 216.2486 1.4961 1.6573 4.0182 8.0423 1.0807 18.9465 -3.2216 2.9228
Car -1 -1 2.4199 0.0000 243.3205 44.0000 374.0000 1.4877 1.6201 4.0393 -5.9359 2.1361 4.5643 1.5046 1.7120
Car -1 -1 -1.6264 643.2718 182.1443 672.3887 207.0914 1.4988 1.6516 4.2835 3.0477 2.1333 47.0963 -1.5618 1.6030
Car -1 -1 -1.5685 631.7290 159.6291 650.6583 176.9875 1.4671 1.5992 3.8619 2.7020 0.3497 62.9433 -1.5256 0.5734
Car -1 -1 0.9502 244.5234 174.3336 347.8711 218.5458 1.6036 1.6540 4.0072 -12.2530 1.6650 28.0208 0.5379 -0.3031
Car -1 -1 1.3714 729.0961 167.6707 766.5938 191.7749 1.4831 1.6321 3.8195 8.7671 1.1645 46.3114 1.5585 -0.6190
