Car -1 -1 -1.1956 227.0342 187.3870 416.2252 294.0483 1.4105 1.5505 3.5489 -4.3406 1.4513 11.3571 -1.5606 11.1268
Car -1 -1 -1.3704 402.5686 181.7917 482.6916 235.1181 1.4367 1.5764 3.8267 -4.8278 1.3455 21.2935 -1.5933 10.6723
Car -1 -1 -0.9749 0.0000 167.6804 179.7424 256.5343 1.7913 1.7327 4.6993 -12.2912 1.4389 16.8659 -1.6047 10.5240
Car -1 -1 -1.4191 468.2010 180.3930 519.4006 215.9883 1.4235 1.5847 3.9266 -4.8349 1.2318 30.7118 -1.5753 7.8915
Car -1 -1 -0.8775 0.0000 195.5775 110.5570 351.8637 1.4716 1.5603 3.7571 -8.2416 1.6292 8.9353 -1.6225 7.8026
Car -1 -1 -1.1764 222.6526 177.6246 345.5662 240.5110 1.5322 1.6385 3.9436 -8.6560 1.3484 19.5010 -1.5942 7.2690
Car -1 -1 -1.5348 576.7427 176.2977 610.9277 207.5873 1.5425 1.6390 4.0063 -0.7086 1.1040 37.4501 -1.5537 6.8957
Car -1 -1 -1.3879 457.4175 169.3240 491.3742 191.6046 1.4863 1.6112 4.0589 -9.2457 0.4273 49.9798 -1.5708 2.3887
Car -1 -1 -1.3061 349.1276 178.4169 415.7678 217.4480 1.4344 1.5880 3.7015 -8.8196 1.1856 28.2929 -1.6083 2.1181
Car -1 -1 2.0452 213.7381 166.6129 262.1176 186.9792 1.5078 1.6507 4.0229 -28.3630 0.1317 55.2261 1.5707 0.2595
Car -1 -1 3.2657 478.2651 167.2641 521.4418 184.4108 1.5066 1.6058 3.6370 -9.6042 -0.0716 64.0848 3.1169 0.0687
Car -1 -1 -1.5487 633.8207 170.0679 658.0864 194.7834 1.7831 1.7292 4.4251 2.8950 0.6914 54.1290 -1.4953 -0.1314
Car -1 -1 1.8772 377.6129 172.9254 413.3306 190.9045 1.4668 1.6733 4.3234 -17.9211 0.4652 60.8211 1.5907 -0.2551
Car -1 -1 2.0717 186.3944 167.8373 240.0454 189.2766 1.5679 1.7040 4.3469 -29.9815 0.2981 54.7400 1.5706 -0.7771
