Car -1 -1 -1.7928 719.3643 184.9195 859.4569 291.6750 1.5504 1.5902 3.5398 2.9220 1.7920 12.6510 -1.5658 13.3684
Car -1 -1 -1.9729 785.6276 197.6016 1106.2491 374.0000 1.4200 1.5234 3.4790 2.9072 1.7269 7.1841 -1.5884 12.1474
Car -1 -1 -1.7063 667.0642 184.8137 726.5578 232.0538 1.4408 1.5532 3.3789 2.8429 1.8768 24.5721 -1.5911 10.1573
Car -1 -1 0.3597 338.8486 179.4883 479.3526 231.0566 1.5802 1.6424 4.0658 -6.4889 1.8045 23.3618 0.0888 9.1234
Car -1 -1 -2.9185 383.8818 174.5698 499.6529 220.0323 1.7147 1.7109 4.1219 -6.5354 1.7840 28.1421 -3.1467 8.5162
Car -1 -1 3.4919 209.4214 182.1512 417.3072 258.6614 1.5269 1.6071 3.8053 -6.2898 1.7380 15.4793 3.1059 8.0392
Car -1 -1 3.7070 110.2377 184.6492 378.2263 278.9132 1.5354 1.6568 4.0679 -6.5453 1.7656 13.0341 3.2416 4.8140
Car -1 -1 0.5740 0.0000 168.0214 309.0230 339.6907 1.7857 1.7209 4.4709 -6.1898 1.7358 8.4871 -0.0561 4.3116
Car -1 -1 3.8907 0.0000 179.3390 149.5867 374.0000 1.6369 1.6705 4.2273 -6.6467 1.7013 6.1295 3.0648 2.6092
Car -1 -1 3.6775 0.0000 163.6743 328.7616 293.7956 1.8319 1.7588 4.2408 -6.8305 1.7030 11.0704 3.1246 1.8907
Car -1 -1 -0.0606 700.8990 174.2055 760.5113 196.9363 1.7267 1.7451 4.4660 9.3041 1.8341 56.0386 0.1039 -0.7710
