Car -1 -1 2.0182 159.5338 197.1691 364.0078 302.9793 1.4536 1.6449 4.0953 -5.9967 1.9585 12.9130 1.5834 13.4981
Car -1 -1 2.2762 0.0000 203.2544 198.7093 374.0000 1.5823 1.5904 3.5449 -6.0643 1.9672 7.3392 1.5857 11.8914
Car -1 -1 -1.8661 736.9393 182.4789 917.8569 304.9486 1.4966 1.5663 3.6276 3.0180 1.6674 10.9365 -1.5969 10.9008
Car -1 -1 1.8396 353.8612 182.8783 454.1492 243.7007 1.5551 1.7291 4.4379 -6.0030 1.8837 21.4014 1.5661 10.1767
Car -1 -1 1.7953 420.3814 186.9701 483.5454 229.4194 1.4558 1.5796 3.7978 -6.0752 2.0396 27.9166 1.5810 3.7899
Car -1 -1 0.3190 323.2113 172.9649 391.6670 197.4296 1.6689 1.6966 4.1665 -17.5283 1.6771 50.1099 -0.0175 2.3662
Car -1 -1 1.6912 515.5785 180.0621 544.2206 201.6736 1.5043 1.6477 3.9886 -5.9338 2.0597 53.5586 1.5808 1.6272
Car -1 -1 1.5130 551.0550 180.2036 578.1315 202.3213 1.4526 1.6646 4.1581 -3.2745 1.9944 50.9892 1.4488 1.1375
Car -1 -1 -1.9103 838.8192 159.5891 871.8488 176.3541 1.4191 1.5710 3.7296 21.3401 0.2966 62.9473 -1.5835 0.4915
Car -1 -1 -3.5315 860.7977 155.0725 935.8833 179.1285 1.8126 1.8177 5.0301 22.0285 0.4731 55.3010 -3.1525 -0.7538
