Car -1 -1 1.8250 419.5425 184.4206 509.9422 245.1079 1.5705 1.6904 3.9380 -4.2461 1.9471 21.4528 1.6296 12.6049
Car -1 -1 -1.8535 775.3042 181.7696 959.6454 300.7082 1.5059 1.6336 3.9496 3.7730 1.6723 11.4358 -1.5348 12.1878
Car -1 -1 -2.1061 886.3627 189.3314 1241.0000 374.0000 1.5243 1.5890 3.7990 3.5692 1.6969 5.6163 -1.5400 11.6430
Car -1 -1 1.7491 472.7882 181.4572 534.3694 228.7571 1.5803 1.6028 3.8282 -3.9088 1.9228 26.7498 1.6040 10.1617
Car -1 -1 1.7362 523.2780 182.2089 568.0429 215.0673 1.5077 1.6239 3.8742 -3.2109 2.0037 36.2333 1.6478 8.4967
Car -1 -1 -1.6347 693.1145 176.9629 729.3942 209.6660 1.6882 1.7115 4.2366 5.5188 1.9286 39.9665 -1.4975 6.1114
Car -1 -1 1.7525 501.1579 186.0355 554.1155 223.2190 1.4542 1.6182 3.9824 -3.5891 2.0711 31.7051 1.6398 4.2211
Car -1 -1 -1.7774 383.8639 172.8131 433.1214 204.4001 1.5011 1.6205 3.8887 -10.2461 1.4995 36.3860 -2.0518 1.9680
Car -1 -1 1.7166 366.3984 169.9468 405.5856 196.7095 1.4836 1.6302 3.9197 -13.0362 1.3228 42.0577 1.4160 0.7617
Car -1 -1 -1.9147 844.9663 153.8781 953.6195 217.4765 1.7843 1.7281 4.3936 8.7935 1.2523 22.4616 -1.5416 0.2298
