Car -1 -1 1.7732 349.5442 192.2835 466.8538 278.2486 1.5036 1.6331 4.1513 -4.2694 1.9839 15.6999 1.5077 13.2714
Car -1 -1 -1.9398 750.1819 158.5548 1021.9035 334.8285 1.7806 1.7578 4.3045 3.1750 1.6365 9.4759 -1.6165 10.7879
Car -1 -1 2.2710 0.0000 199.3429 272.8117 374.0000 1.5278 1.6201 3.9939 -3.4448 1.7386 3.6956 1.5207 10.5445
Car -1 -1 1.9152 143.5023 191.4881 413.5816 374.0000 1.5860 1.6181 3.7447 -3.5770 1.8540 8.4449 1.5146 9.1424
Car -1 -1 -2.3647 964.2945 187.7486 1241.0000 374.0000 1.5115 1.5490 3.9063 3.2819 1.6195 3.2529 -1.5749 6.8472
Car -1 -1 1.7683 474.9015 187.4041 525.0853 224.1515 1.6318 1.6794 4.1605 -5.4304 2.3974 35.8314 1.6178 4.5789
Car -1 -1 -1.5747 611.4028 179.7207 631.3949 199.0453 1.5549 1.6485 4.0322 0.9393 2.1600 61.5168 -1.5594 3.4326
Car -1 -1 -1.5725 458.2978 165.7437 476.6548 184.1740 1.7570 1.7212 4.3942 -14.0657 1.0795 71.1048 -1.7678 1.8157
Car -1 -1 -1.3550 455.2514 180.7131 492.1728 204.9667 1.5327 1.6342 4.0500 -9.2289 2.0888 48.9697 -1.5413 1.6845
Car -1 -1 -1.4858 522.8811 184.9402 548.6531 206.3716 1.5122 1.6325 3.9305 -5.6621 2.4691 55.1212 -1.5881 0.7974
Car -1 -1 -1.7417 685.1080 165.2791 732.3726 205.8215 2.2778 1.9261 5.2245 5.7918 1.8525 43.1813 -1.6084 -0.4420
