Car -1 -1 -1.7794 697.0968 190.5835 797.6834 263.0266 1.4123 1.5232 3.1879 2.9244 1.5439 15.8629 -1.5971 12.0851
Car -1 -1 -1.3477 406.6600 187.7815 504.9296 256.9280 1.5108 1.5884 3.6358 -3.6592 1.5815 17.6711 -1.5519 11.9615
Car -1 -1 -1.1225 38.2073 190.2505 387.7706 375.0000 1.5008 1.5900 3.6896 -3.6461 1.5665 7.3578 -1.5826 11.9423
Car -1 -1 -1.4072 467.5651 183.8121 531.9090 231.1782 1.5782 1.6425 4.1850 -3.8620 1.5326 26.0538 -1.5544 9.5337
Car -1 -1 -1.1444 210.2141 182.8018 347.3256 252.1958 1.5243 1.6195 3.8231 -7.9668 1.4724 17.7013 -1.5673 6.3206
Car -1 -1 -1.2868 363.1376 184.6725 434.3658 225.9162 1.5014 1.6397 3.9234 -8.1203 1.4828 28.1291 -1.5678 5.9692
Car -1 -1 -1.6894 646.9012 186.3273 691.6982 218.9103 1.4309 1.6195 3.9944 2.7932 1.4873 33.7287 -1.6068 5.8506
Car -1 -1 -1.6253 587.5673 182.2658 612.1977 203.0380 1.4669 1.5907 3.9082 -0.6290 1.2597 52.7624 -1.6372 4.5486
Car -1 -1 -1.4432 496.6930 186.5749 538.1928 217.6481 1.4999 1.6214 3.9534 -4.6040 1.5745 36.8481 -1.5675 3.9005
Car -1 -1 -1.6539 662.8960 167.3005 688.3998 187.4481 1.4846 1.6057 4.0404 5.1415 0.1656 54.9949 -1.5607 1.0143
Car -1 -1 -1.6634 525.5406 183.6249 554.0118 205.6789 1.4384 1.5761 3.8065 -4.6803 1.3358 48.8989 -1.7588 0.6411
Car -1 -1 1.5217 621.3324 182.5367 641.9242 199.7632 1.5394 1.6887 4.2336 2.1660 1.3011 66.3651 1.5543 0.4094
Car -1 -1 1.6152 578.0339 182.1396 599.3156 200.7099 1.5010 1.6094 3.8542 -1.5784 1.2535 60.0416 1.5890 0.2772
