Car -1 -1 2.0031 41.6344 206.6445 351.7782 374.0000 1.4850 1.6350 3.7792 -4.4825 1.9718 8.4524 1.5155 14.6399
Car -1 -1 -1.7402 698.3091 186.2191 794.9323 262.2692 1.4726 1.5511 3.4817 2.9257 1.8079 16.3300 -1.5629 12.3960
Car -1 -1 1.8041 397.2924 187.9063 495.3188 261.3762 1.6707 1.6454 4.0787 -4.2888 2.1165 19.2969 1.5854 12.0636
Car -1 -1 1.8475 301.1742 194.8353 442.0855 296.5194 1.5744 1.6012 3.6639 -4.4398 2.0527 13.8300 1.5369 11.5579
Car -1 -1 -1.9249 779.9801 185.7754 1064.1385 369.9860 1.4624 1.5550 3.5075 2.9440 1.6329 7.7336 -1.5612 10.5589
Car -1 -1 -1.7472 674.7963 183.6318 748.9198 242.7862 1.6332 1.6382 3.7281 3.0377 1.9982 22.5069 -1.6130 8.8648
Car -1 -1 -1.7223 610.0171 187.2932 637.2456 207.9536 1.5390 1.6288 3.9757 1.0505 2.7564 58.7305 -1.7044 1.4975
Car -1 -1 -1.6949 649.0483 154.1666 715.2731 223.8823 2.6597 2.0386 5.8704 2.8750 1.9471 30.4886 -1.6009 0.0250
Car -1 -1 1.5059 648.3683 193.7688 682.2564 223.3192 1.3555 1.5145 3.5914 2.7917 2.4937 37.4491 1.5803 -0.1723
Car -1 -1 1.4088 583.6157 187.7619 607.0584 204.0790 1.4625 1.6603 4.0602 -1.4843 2.9689 70.7413 1.3879 -0.3574
Car -1 -1 1.5015 536.5620 183.9673 556.6261 201.7741 1.6262 1.6746 4.1084 -6.2602 2.7495 70.7466 1.4132 -0.4532
Car -1 -1 1.6464 521.7583 189.8709 547.4233 211.0287 1.4412 1.6309 3.9651 -5.6741 2.7713 54.3755 1.5424 -0.4923
