Car -1 -1 -1.7769 691.2833 170.1627 786.1232 237.4469 1.5134 1.5679 3.8260 3.0689 1.4533 18.1689 -1.6096 13.2778
Car -1 -1 2.1877 0.0000 193.1737 314.6687 355.8966 1.4897 1.6551 4.1460 -5.6374 1.8108 9.2595 1.6409 13.2098
Car -1 -1 -1.9404 768.5293 178.0657 1003.3252 317.5300 1.4329 1.5361 3.7084 3.2573 1.5150 9.4325 -1.6079 12.1498
Car -1 -1 0.8555 962.3413 186.8033 1241.0000 374.0000 1.4628 1.5419 3.4651 3.3261 1.5680 3.6715 1.5916 10.2538
Car -1 -1 1.8382 398.1249 178.0298 476.7452 226.7398 1.4766 1.6066 3.8340 -5.7372 1.6647 24.2274 1.6057 10.1050
Car -1 -1 -1.7818 677.4113 171.5611 746.9250 221.1202 1.4786 1.5227 3.4109 3.1724 1.4404 23.2831 -1.6464 7.9032
Car -1 -1 1.7245 448.4508 179.0865 498.3860 216.7875 1.4129 1.4949 3.3753 -5.5325 1.6813 29.3160 1.5380 5.9980
Car -1 -1 0.5117 127.2636 169.6430 261.6818 212.8338 1.5059 1.6133 3.9064 -14.9306 1.3943 25.9806 -0.0099 2.2055
Car -1 -1 -3.0998 581.0258 164.0269 629.4158 180.7741 1.6129 1.7174 4.6563 -0.4573 0.7631 70.4267 -3.1063 -0.3977
Car -1 -1 1.7615 273.1327 159.3701 324.8584 190.4463 1.5197 1.6932 4.2642 -16.1401 0.8606 37.5452 1.3555 -0.4401
