Car -1 -1 -2.6637 90.9036 184.8664 377.2884 279.0086 1.5024 1.6356 4.1334 -6.4313 1.7255 12.5499 -3.1372 8.4537
Car -1 -1 0.2679 354.8457 179.1968 491.9022 229.9102 1.5064 1.5927 3.8477 -5.7845 1.7116 22.4643 0.0159 8.1326
Car -1 -1 -1.6781 653.0827 178.1729 691.2258 207.4904 1.4348 1.5797 3.9279 3.1865 1.7300 38.0104 -1.5944 7.2309
Car -1 -1 3.7927 0.0000 187.4271 230.8464 353.3527 1.5206 1.6331 4.0165 -6.5463 1.6951 7.6951 3.0878 6.9416
Car -1 -1 -2.1140 824.5711 188.7967 1241.0000 374.0000 1.3700 1.6061 4.0721 2.6059 1.5095 4.2518 -1.5642 6.6273
Car -1 -1 0.2504 386.1342 176.8568 516.3915 224.6770 1.5845 1.6620 4.1178 -5.4674 1.7283 24.9579 0.0348 4.8431
Car -1 -1 0.2493 398.6837 173.6362 511.4891 216.8645 1.6216 1.6390 3.9990 -5.9951 1.6533 27.9918 0.0383 3.9932
Car -1 -1 -1.4441 529.2423 175.5867 562.0849 200.8031 1.5744 1.6621 4.0171 -4.2240 1.7625 47.5282 -1.5328 3.6328
Car -1 -1 0.1871 433.3111 162.7847 548.1063 207.6152 2.0942 1.9152 5.1853 -5.7086 1.6242 34.7227 0.0241 3.0301
Car -1 -1 3.5108 160.3963 182.7053 388.2099 258.7734 1.4448 1.5786 3.9479 -6.8157 1.6603 14.8459 3.0804 3.0080
Car -1 -1 0.1445 445.4159 180.5131 534.6689 215.8086 1.5168 1.5983 3.7395 -5.3430 1.8679 32.2044 -0.0199 2.4701
Car -1 -1 -1.6317 639.0658 165.8012 665.6192 191.2647 1.8223 1.6999 4.5171 3.0946 1.3179 53.8965 -1.5744 0.6914
Car -1 -1 1.7829 454.9993 148.8271 489.8894 170.5376 1.4328 1.5983 3.8611 -9.5121 -0.1664 49.9805 1.5949 0.4177
Car -1 -1 -1.4520 526.1350 163.7226 554.9128 185.5182 1.5341 1.6303 4.0519 -5.0745 0.8917 52.8270 -1.5478 0.1060
Car -1 -1 -2.8453 373.4290 164.3051 445.8692 187.8132 1.4395 1.6219 4.0618 -12.5021 0.9164 45.0428 -3.1160 -0.3301
Car -1 -1 -1.5396 552.0917 172.6786 570.9779 190.5049 1.6329 1.6566 4.0403 -4.5685 1.6172 68.1401 -1.6066 -0.5525
