Car -1 -1 -1.3410 381.3558 180.0989 481.9788 249.2636 1.5586 1.6434 3.7017 -4.3385 1.4444 18.0506 -1.5769 10.3928
Car -1 -1 -1.5662 576.8941 172.5866 646.9464 239.6962 1.5700 1.6394 3.7311 0.0655 1.2757 18.6855 -1.5627 9.0847
Car -1 -1 -1.0680 0.0000 173.9855 372.5142 375.0000 1.6067 1.6617 3.9924 -3.7571 1.5329 6.7928 -1.5732 8.7250
Car -1 -1 -1.3902 464.0945 178.6357 517.4958 216.1988 1.4633 1.5594 3.6382 -4.8244 1.2081 29.8345 -1.5506 7.1422
Car -1 -1 -1.4218 499.5227 177.2556 541.0219 206.8757 1.4797 1.5960 4.0174 -4.5904 1.0832 37.9379 -1.5422 3.8175
Car -1 -1 -1.1079 209.3024 184.0041 345.2297 249.0429 1.5396 1.6215 4.0558 -8.6254 1.5120 19.0700 -1.5327 3.4428
Car -1 -1 1.9483 288.5595 186.3180 358.2728 221.1193 1.5103 1.6380 4.0194 -13.1226 1.5657 33.3328 1.5732 0.8735
Car -1 -1 -1.4753 523.1098 168.4697 556.1578 197.8430 1.8506 1.7476 4.6132 -4.4802 0.7967 47.5937 -1.5692 0.7563
Car -1 -1 -1.0507 0.0000 169.8945 126.1872 315.0748 1.5064 1.6201 3.7695 -8.1689 1.3486 9.4599 -1.7630 0.0995
Car -1 -1 1.9213 183.4111 182.9804 228.9769 204.0581 1.4673 1.6320 3.9374 -29.0659 1.3128 52.1119 1.4125 -0.6535
