Car -1 -1 1.9364 254.2827 194.6782 387.4626 276.7656 1.5189 1.6056 3.4325 -6.2990 2.0551 15.9889 1.5611 12.5925
Car -1 -1 2.0852 0.0000 200.0815 363.7229 374.0000 1.4641 1.6439 3.8663 -3.8334 1.7919 6.7405 1.5681 10.7603
Car -1 -1 2.6652 883.3579 162.4221 1112.6444 239.1779 1.5717 1.6668 4.0637 8.2164 1.3585 15.6212 3.1494 8.7250
Car -1 -1 -1.6547 668.2491 181.0399 730.6807 234.1453 1.4809 1.6031 3.9466 2.6866 1.7618 22.7329 -1.5370 8.4169
Car -1 -1 2.7049 835.8761 149.7047 1041.9657 227.4852 1.9200 1.8161 4.5333 8.3777 1.3489 18.7538 3.1250 7.3826
Car -1 -1 2.8075 779.2008 165.2674 908.9098 212.7263 1.5827 1.6595 3.9361 7.9752 1.3300 24.9370 3.1170 7.0081
Car -1 -1 -1.3131 404.0050 183.0159 476.5932 230.9882 1.6092 1.6766 4.0385 -6.3192 2.0201 27.1079 -1.5421 6.6841
Car -1 -1 1.7043 476.5973 183.4616 516.4857 214.5027 1.6148 1.6967 4.2489 -6.4448 2.2515 41.1389 1.5489 1.8755
Car -1 -1 -0.3163 829.8214 152.6340 888.9866 172.1663 1.7416 1.7959 4.7387 22.5257 -0.0628 65.3337 0.0157 -0.1580
Car -1 -1 0.3790 404.4935 172.1972 470.1345 195.4111 1.5061 1.6095 3.9203 -11.4685 1.4638 47.8863 0.1439 -0.5115
