Car -1 -1 -1.2741 186.5251 190.5923 326.7538 273.4877 1.4251 1.5516 3.5297 -6.9301 1.5483 14.4566 -1.7211 11.2251
Car -1 -1 -1.0694 0.0000 197.5008 194.8485 375.0000 1.4873 1.5220 3.6637 -6.2455 1.6589 8.0454 -1.7295 10.6920
Car -1 -1 -1.6912 557.5899 181.3118 638.9200 246.2648 1.5174 1.6349 4.0061 -0.4005 1.4273 18.8876 -1.7124 9.7422
Car -1 -1 -1.3610 288.7416 181.2206 375.3905 234.2346 1.5254 1.6937 4.4212 -8.7226 1.4116 22.9946 -1.7236 9.0015
Car -1 -1 -1.5335 456.9268 182.6864 507.6086 228.1790 1.4780 1.6188 3.7647 -4.3920 1.3969 25.3245 -1.7052 8.0204
Car -1 -1 -1.4079 367.3445 182.5218 416.0976 215.0634 1.4794 1.6279 4.0205 -10.4133 1.3581 34.7742 -1.6989 6.4251
Car -1 -1 -1.2704 254.1858 164.9836 319.6354 200.3014 1.5048 1.6368 3.8858 -14.5165 0.6439 32.6501 -1.6888 4.9735
Car -1 -1 -1.4246 454.8490 182.6488 502.4549 216.4847 1.5221 1.6508 4.2048 -6.1522 1.4078 34.4608 -1.6013 2.6993
Car -1 -1 -1.3112 181.5537 180.5667 273.1234 233.5881 1.5646 1.6575 3.9630 -12.2527 1.4286 23.3256 -1.7949 1.9308
Car -1 -1 -1.3693 356.7443 178.7401 387.9754 198.0939 1.4697 1.5910 3.8994 -18.5114 0.9791 56.6135 -1.6854 1.3499
Car -1 -1 3.2135 488.1833 184.8255 539.8154 203.6457 1.4790 1.6425 3.9833 -7.4711 1.4495 57.4219 3.0841 0.0705
Car -1 -1 -1.0580 0.0000 154.1921 111.3397 258.2911 1.6380 1.6681 4.0431 -11.2637 1.1510 13.4475 -1.7553 -0.5763
