Car -1 -1 -2.0047 768.8283 187.5006 1229.8464 374.0000 1.5333 1.5836 4.0029 2.5586 1.6969 6.0126 -1.6024 12.0936
Car -1 -1 -2.7085 170.9790 186.1731 386.9599 265.0258 1.4437 1.5555 3.5583 -6.4817 1.7220 14.2636 -3.1350 9.0854
Car -1 -1 3.6560 0.0000 186.5636 293.7931 315.7926 1.4883 1.5761 3.7233 -6.3943 1.6858 9.4412 3.0607 5.8665
Car -1 -1 -1.7038 646.9431 180.9981 684.2615 207.6753 1.3578 1.5541 3.8106 2.9881 1.8300 39.8565 -1.6290 5.4182
Car -1 -1 2.3649 0.0000 211.1682 314.6435 374.0000 1.4901 1.6201 3.9167 -2.6943 1.7315 2.5657 1.5550 5.2775
Car -1 -1 0.2584 388.0175 180.0506 510.3652 223.3894 1.5226 1.6548 4.1098 -5.8997 1.7969 26.5565 0.0398 4.9606
Car -1 -1 0.2806 369.3811 180.0443 496.0004 226.4081 1.4899 1.5702 3.8606 -5.9585 1.7412 24.3137 0.0402 4.9329
Car -1 -1 0.1902 436.1530 162.8238 548.9613 207.2476 2.1879 1.9336 5.3768 -5.9225 1.6942 36.5790 0.0296 3.9308
Car -1 -1 -1.4768 526.6177 177.9038 556.2790 201.6512 1.5157 1.6403 3.9151 -4.6302 1.8716 48.8396 -1.5713 3.2089
Car -1 -1 0.3575 404.4912 174.8505 511.3035 216.2559 1.6439 1.6644 3.9986 -6.3007 1.7300 29.8732 0.1497 2.8660
Car -1 -1 -1.5078 523.6151 165.3339 548.1539 186.0595 1.5158 1.6040 4.0687 -5.6240 0.9662 54.8336 -1.6100 2.4883
Car -1 -1 -1.6661 633.2575 165.4319 661.7099 190.0109 1.8209 1.7570 4.6231 2.8284 1.2714 55.7995 -1.6155 2.2117
Car -1 -1 -1.6499 672.7423 174.2691 692.7843 189.8973 1.4660 1.6202 4.0009 7.0205 1.6077 70.0615 -1.5501 1.4576
Car -1 -1 1.5969 457.4233 149.1008 482.0807 170.4489 1.4509 1.6297 3.9982 -10.0260 -0.1787 51.6178 1.4051 1.2153
Car -1 -1 -0.1828 709.8009 173.9597 757.0931 189.6187 1.4846 1.6531 4.2515 11.8276 1.5926 69.3831 -0.0140 0.0816
Car -1 -1 0.5530 310.4646 176.8335 473.8143 239.0062 1.6338 1.7039 4.1672 -6.2020 1.7547 20.4896 0.2591 -0.6812
Car -1 -1 3.5510 195.9266 172.8752 406.1300 244.1978 1.5848 1.6756 4.2048 -7.1619 1.5857 16.8858 3.1499 -0.8129
