Car -1 -1 -2.0746 819.7306 175.0318 1241.0000 374.0000 1.5602 1.6031 3.9494 2.9190 1.5830 5.4332 -1.5816 12.7720
Car -1 -1 2.2276 0.0000 205.1722 203.6795 374.0000 1.5414 1.5792 3.5905 -6.0448 1.9586 7.4917 1.5487 12.1047
Car -1 -1 1.9354 246.5581 184.3999 394.6849 272.3147 1.6030 1.6476 3.9978 -6.1364 1.8865 15.6857 1.5625 10.3361
Car -1 -1 1.8445 358.4672 183.7267 445.8986 241.9538 1.5875 1.6184 3.8140 -6.3519 1.9526 22.2924 1.5669 10.0842
Car -1 -1 1.6981 526.8573 179.9630 564.3292 207.1802 1.4551 1.6557 4.0693 -3.7063 1.8868 41.7157 1.6095 7.3679
Car -1 -1 1.7912 441.6547 181.2064 492.2606 216.0948 1.4702 1.5457 3.4921 -6.5243 1.8731 33.0123 1.5960 5.8519
Car -1 -1 -0.0312 1016.2912 146.0604 1182.2276 198.3886 1.5047 1.6397 4.1608 15.0770 0.7346 22.5424 0.5583 5.4865
Car -1 -1 1.5426 634.1594 174.5918 658.1130 195.8191 1.5363 1.6869 4.3160 2.6796 1.6738 54.7500 1.5915 2.4562
Car -1 -1 -1.4438 498.8070 183.7160 529.5556 206.5007 1.3945 1.5618 3.7260 -6.3397 2.1427 47.8052 -1.5756 1.4568
Car -1 -1 -0.4426 884.0811 151.2744 964.8885 179.0621 1.8900 1.8479 4.8132 21.7504 0.4226 50.0758 -0.0328 0.8664
Car -1 -1 -1.8840 851.2263 157.0904 887.2543 176.2871 1.4886 1.6014 3.8682 20.7322 0.2666 57.9050 -1.5402 0.8291
Car -1 -1 0.8497 1166.8820 143.7012 1241.0000 170.6315 1.5227 1.6212 3.9684 35.6420 -0.1387 43.1328 1.5403 0.3891
