Car -1 -1 -0.3629 696.7663 168.4314 897.5374 239.6423 1.4365 1.5786 3.8838 3.9095 1.3477 15.5630 -0.1167 11.0472
Car -1 -1 3.3643 299.6907 171.1946 413.5137 214.2341 1.5249 1.5795 3.6957 -9.2925 1.4665 26.5564 3.0277 10.4495
Car -1 -1 0.3275 105.6233 171.0658 324.3002 248.8569 1.6172 1.6424 3.9734 -8.7142 1.5804 16.1383 -0.1677 8.3390
Car -1 -1 3.7017 0.0000 183.7327 218.0816 305.9791 1.5387 1.6203 3.7298 -7.9333 1.7085 10.2455 3.0429 8.0135
Car -1 -1 3.5232 182.1069 177.2931 363.2597 236.0015 1.4443 1.5960 3.9652 -8.7189 1.5658 18.7860 3.0886 7.5206
Car -1 -1 -0.2711 640.6589 166.0234 752.0381 209.3142 1.5163 1.5847 3.7482 3.0709 1.2774 26.3419 -0.1550 7.1613
Car -1 -1 3.5140 217.0786 172.1342 384.5361 226.1525 1.5392 1.6551 4.2674 -9.1356 1.5191 21.4487 3.1114 5.9884
Car -1 -1 3.8180 0.0000 193.2477 152.2762 350.1526 1.4403 1.5971 3.9650 -7.5544 1.6900 7.8470 3.0516 5.8912
Car -1 -1 -0.1375 626.9848 166.3176 735.4625 205.8116 1.5147 1.6301 4.0859 2.7236 1.2644 28.5721 -0.0425 5.0936
Car -1 -1 -1.7751 442.7567 168.7504 470.9691 185.8455 1.4687 1.6441 4.1489 -13.6810 1.1165 64.2165 -1.9850 1.3130
Car -1 -1 3.8949 0.0000 220.4556 107.0304 374.0000 1.4220 1.5853 3.9861 -6.4870 1.8522 5.4974 3.0271 1.2499
Car -1 -1 -1.6784 334.2623 156.1130 365.8541 178.5604 1.4620 1.6006 3.9722 -17.7607 0.3720 49.1269 -2.0253 0.0821
Car -1 -1 -1.9398 503.3893 158.5169 548.5938 186.4214 2.1007 1.8674 4.9765 -6.7115 1.0217 56.9521 -2.0571 0.0350
