Car -1 -1 -1.8883 752.7797 178.1965 1014.8472 349.6295 1.5267 1.6206 3.8634 2.8121 1.6041 8.4772 -1.5680 10.6546
Car -1 -1 -1.7519 681.3769 174.3773 773.5071 244.0946 1.5239 1.5777 3.5674 2.7124 1.5654 17.6535 -1.5995 10.1748
Car -1 -1 0.4201 224.4158 166.7002 426.7678 241.6758 1.5835 1.6553 3.8789 -6.3158 1.4539 16.1549 0.0474 8.0563
Car -1 -1 -1.6550 652.1083 172.6211 695.8952 207.4100 1.4223 1.5694 3.8178 2.6874 1.4131 31.4055 -1.5696 7.1949
Car -1 -1 0.2642 383.3786 170.4886 500.1054 214.1729 1.5693 1.5788 3.9443 -6.2303 1.4847 26.7772 0.0356 6.8734
Car -1 -1 0.3919 276.5657 167.2022 453.8935 228.3075 1.5124 1.6040 4.0709 -6.3422 1.3729 18.7913 0.0664 6.8349
Car -1 -1 0.1627 408.4832 171.1841 518.6547 209.5640 1.4866 1.6457 4.1044 -5.8277 1.4223 28.8430 -0.0367 6.5984
Car -1 -1 -2.8472 279.9444 161.4442 442.9249 222.3683 1.7127 1.7052 4.2162 -7.2487 1.3923 21.2063 -3.1765 5.2821
Car -1 -1 3.3616 311.5250 172.2518 454.0957 219.6679 1.4944 1.6248 4.2186 -7.4185 1.4758 23.7229 3.0585 3.1104
Car -1 -1 -2.2369 0.0000 194.3909 69.5908 374.0000 1.4699 1.6081 4.0185 -6.7107 1.6565 5.4072 -3.1295 2.6578
Car -1 -1 1.6568 525.9788 169.6833 554.6746 191.7805 1.5371 1.6985 4.4828 -5.0468 1.3169 52.4375 1.5609 1.0743
Car -1 -1 -1.8188 658.2862 157.4057 692.6240 178.4945 1.4909 1.5946 3.9220 4.7440 0.3991 53.0693 -1.7297 -0.1229
Car -1 -1 -1.5106 527.2624 162.0768 550.1268 182.7865 1.6825 1.6677 4.2049 -5.9926 0.8073 60.7483 -1.6089 -0.3202
Car -1 -1 1.5616 628.2869 167.7694 646.7000 184.0074 1.4218 1.6117 3.8914 2.4416 0.9769 65.1408 1.5991 -0.6093
