Car -1 -1 1.3332 764.7304 185.4754 903.5243 281.5807 1.4992 1.5930 3.9363 4.0380 1.7757 13.7828 1.6182 12.9887
Car -1 -1 -1.7134 718.8959 184.4065 797.9910 244.1673 1.4171 1.5581 3.9835 3.9403 1.7690 19.9223 -1.5182 10.8594
Car -1 -1 2.1161 0.0000 196.0759 375.8671 374.0000 1.5070 1.5469 3.5518 -2.9611 1.7198 4.8182 1.5650 9.0307
Car -1 -1 1.6181 556.2540 176.5243 590.6665 206.7443 1.4879 1.6263 3.9183 -1.9124 1.6914 37.9610 1.5677 7.6695
Car -1 -1 -1.4046 438.4391 170.4422 547.6050 261.0781 1.7687 1.7377 4.0738 -2.5114 1.7220 16.1249 -1.5591 7.6602
Car -1 -1 -1.7180 708.5827 180.5023 771.4528 229.9110 1.5456 1.6136 3.5788 4.3710 1.8296 24.9393 -1.5445 6.8435
Car -1 -1 -2.0166 818.9892 179.8743 1199.2506 374.0000 1.5525 1.6256 4.0101 3.4653 1.6436 7.3159 -1.5743 6.4914
Car -1 -1 -1.6678 681.5532 176.9590 721.3214 209.2083 1.5142 1.6045 3.9189 4.5158 1.7327 36.3594 -1.5442 4.8536
Car -1 -1 1.7506 484.7599 181.3384 563.4638 238.1504 1.4708 1.6130 4.0104 -2.4813 1.7463 21.3426 1.6349 4.5750
Car -1 -1 -0.9540 805.6144 159.2533 872.9891 188.3107 1.5331 1.6122 3.8633 12.6615 0.8159 39.8742 -0.6465 2.1317
Car -1 -1 -3.1360 743.6764 158.1412 788.5716 175.0817 1.5923 1.6852 4.1514 14.9226 0.2098 69.0907 -2.9233 1.7762
