Car -1 -1 -1.8114 708.5049 177.8299 845.8429 280.2654 1.5230 1.5401 3.3070 2.7040 1.6216 12.5628 -1.5994 12.3516
Car -1 -1 -2.1939 890.6453 192.6415 1241.0000 374.0000 1.3652 1.4798 3.4192 2.7275 1.5124 3.6246 -1.5488 9.6720
Car -1 -1 -1.6863 659.1101 176.0999 716.5524 219.0703 1.4346 1.6177 4.0271 2.7263 1.5629 26.4155 -1.5835 8.5592
Car -1 -1 0.4466 138.7849 174.3398 391.1533 259.4781 1.5306 1.6448 4.0551 -6.5252 1.5611 13.8319 0.0058 7.7072
Car -1 -1 0.2197 363.2437 173.0568 492.1380 219.9900 1.4944 1.6143 3.8703 -5.9922 1.5017 23.8373 -0.0266 7.1788
Car -1 -1 0.5576 28.5798 171.9320 374.8273 283.3565 1.5985 1.7252 4.5101 -6.2840 1.5857 11.3253 0.0511 6.9019
Car -1 -1 0.2827 331.7718 178.7491 479.3221 229.7915 1.4695 1.5673 4.0026 -6.1329 1.6541 21.7538 0.0079 6.1738
Car -1 -1 -0.1493 704.6370 171.7764 803.8794 207.5022 1.5155 1.6120 4.0502 6.1965 1.4702 31.5015 0.0449 5.4857
Car -1 -1 3.5138 181.3428 162.5801 390.3909 238.2051 1.6098 1.6721 3.9681 -7.2315 1.3915 16.2824 3.0958 4.5715
Car -1 -1 0.2232 426.5356 171.9945 520.6060 208.0735 1.6470 1.6516 4.0710 -6.3884 1.6081 33.8353 0.0366 1.8905
Car -1 -1 0.6374 154.5584 150.5871 241.6138 181.8188 1.8794 1.7906 4.4866 -25.4417 0.5398 44.5715 0.1187 1.6189
Car -1 -1 0.3670 223.2415 171.1512 421.5050 239.4003 1.7109 1.7330 4.5237 -7.4904 1.6686 18.9722 -0.0090 0.6934
