Car -1 -1 0.0926 393.4026 178.8988 505.4645 219.6017 1.4732 1.5909 4.0337 -6.0743 1.7124 27.4631 -0.1251 8.9244
Car -1 -1 0.4965 0.0000 175.5792 310.4201 296.6003 1.5471 1.6320 3.9251 -6.5952 1.5897 10.2277 -0.0762 8.2732
Car -1 -1 0.3351 264.9002 176.5330 451.6090 243.8012 1.6172 1.6578 4.1500 -6.3168 1.7149 18.2681 0.0022 6.6665
Car -1 -1 -2.6719 113.4632 176.1211 377.8364 272.6787 1.5734 1.6112 3.8190 -6.2868 1.6347 12.6309 -3.1337 6.5989
Car -1 -1 -1.7002 654.7625 179.3776 714.7099 223.3500 1.4319 1.6343 4.0173 2.5805 1.6869 26.1290 -1.6018 6.5401
Car -1 -1 -2.3999 0.0000 182.0917 177.9655 341.9924 1.5135 1.6104 3.7758 -7.0538 1.6232 7.7293 -3.1396 5.4819
Car -1 -1 0.1557 466.1732 173.3678 541.8471 203.7123 1.6632 1.6587 3.9867 -5.9312 1.6930 40.4240 0.0100 4.0231
Car -1 -1 0.3030 321.9525 177.4368 461.9493 227.5542 1.5111 1.6205 3.9187 -6.8411 1.6612 22.7361 0.0107 2.6829
Car -1 -1 0.2285 386.6870 156.0296 529.2600 214.5703 2.3639 1.9755 5.5329 -6.3101 1.6849 30.1834 0.0224 2.1530
Car -1 -1 -2.9896 480.3180 178.7042 550.3315 202.8617 1.4627 1.6200 4.1284 -5.8941 1.8345 44.9536 -3.1200 1.4850
Car -1 -1 1.9225 354.8313 155.3304 398.3769 179.4474 1.5342 1.5871 3.6363 -15.4223 0.4198 47.7466 1.6101 -0.6040
