Car -1 -1 -2.2404 690.5906 133.3088 1223.9274 374.0000 1.7854 1.7802 4.7680 2.5282 1.5473 6.8913 -1.8888 10.9167
Car -1 -1 -1.7091 435.6730 178.4826 493.0394 220.6071 1.4982 1.6425 4.1986 -5.8663 1.7385 28.5139 -1.9120 9.5847
Car -1 -1 -1.9372 533.3955 185.4671 684.8349 277.7060 1.4479 1.5963 3.9209 -0.2281 1.7304 14.0194 -1.9535 9.5352
Car -1 -1 -2.8302 614.6674 165.4401 717.0802 202.6054 1.4778 1.5857 3.9761 2.2942 1.1834 30.1735 -2.7543 6.9771
Car -1 -1 1.7852 2.3788 197.8208 177.8200 315.7071 1.5005 1.5975 3.6725 -8.4805 1.9866 12.0317 1.1712 6.7821
Car -1 -1 1.8527 0.0000 202.2686 110.7294 374.0000 1.4811 1.5672 3.8381 -6.5268 1.8690 7.4339 1.1322 5.6756
Car -1 -1 1.7653 251.2094 184.1914 298.1942 214.4245 1.5344 1.6467 3.9636 -18.7080 2.2018 40.3283 1.3309 4.6432
Car -1 -1 1.2649 1195.0403 149.7772 1241.0000 259.7029 1.4918 1.5500 3.5869 10.9797 1.1790 11.7415 2.0168 2.5909
Car -1 -1 -1.9931 172.8841 175.3612 223.9031 198.4225 1.5952 1.6775 4.0819 -29.8240 1.7835 52.1966 -2.5123 1.6123
Car -1 -1 -2.1492 685.5872 152.8453 756.0195 187.3213 1.9467 1.8376 4.8106 6.5298 0.8173 43.3096 -1.9995 0.5767
Car -1 -1 1.8007 1040.9141 144.3144 1210.0226 241.2388 1.4862 1.6301 3.8521 9.2736 1.0490 12.9433 2.4224 -0.2184
