Car -1 -1 1.8885 266.3255 177.3182 467.7688 313.8675 1.5817 1.6025 3.7309 -3.2808 1.6577 10.3516 1.5816 14.1527
Car -1 -1 1.7167 448.6845 177.3366 527.7609 236.4021 1.3870 1.5421 3.6135 -3.1620 1.5170 19.0380 1.5521 12.6634
Car -1 -1 1.2952 729.8723 185.3347 943.0129 327.3633 1.4507 1.6079 3.9498 2.6978 1.6530 9.6932 1.5666 10.8026
Car -1 -1 1.4312 674.8818 180.1556 741.3247 227.7376 1.3853 1.5933 3.9790 3.0744 1.6448 23.6140 1.5607 10.4318
Car -1 -1 -2.1894 865.9146 189.1677 1241.0000 374.0000 1.4623 1.5187 3.5026 2.8348 1.5970 4.1680 -1.5921 10.2314
Car -1 -1 2.1667 0.0000 178.0707 378.9865 374.0000 1.5930 1.6499 3.9272 -2.9549 1.6398 4.4564 1.5812 9.8569
Car -1 -1 -1.6782 647.4675 175.9819 679.3653 199.8726 1.3725 1.5534 3.4898 3.1630 1.5699 43.6828 -1.6059 5.7689
Car -1 -1 1.7763 442.1542 152.3622 493.5880 185.3592 1.5100 1.6358 4.1851 -6.8825 0.5726 35.1193 1.5827 4.1172
Car -1 -1 1.7423 491.7426 176.2018 556.5845 221.4158 1.4808 1.6284 4.2198 -3.0564 1.6123 26.0991 1.6257 3.8426
Car -1 -1 -1.6601 641.7586 159.8614 669.6011 183.7476 1.7646 1.7430 4.4318 3.4481 0.8051 55.5394 -1.5980 2.6710
Car -1 -1 1.8909 339.1368 134.9982 406.0445 172.1761 1.4902 1.6067 3.7946 -10.1175 -0.0305 30.8888 1.5744 -0.3963
