Car -1 -1 1.9166 315.0130 191.4839 437.1071 259.0165 1.4114 1.6429 4.0730 -5.8081 1.9373 18.2838 1.6091 13.7000
Car -1 -1 2.0500 64.1473 199.2005 324.2282 328.2012 1.4279 1.6363 4.1006 -5.9613 1.9017 10.8958 1.5494 12.9415
Car -1 -1 -1.8178 736.1966 181.2508 885.4325 281.8861 1.4245 1.5480 3.7002 3.2008 1.5905 12.3748 -1.5647 11.1600
Car -1 -1 -1.7405 697.6646 176.0541 791.8167 246.2788 1.5556 1.6359 4.0477 3.2169 1.6456 18.1932 -1.5655 9.9872
Car -1 -1 1.8206 402.3268 186.9724 475.1509 237.1285 1.4971 1.5604 3.5328 -5.7289 2.0081 24.3165 1.5892 9.1872
Car -1 -1 -3.7847 1022.2456 137.5929 1241.0000 242.8297 1.5593 1.6259 3.9699 8.9972 1.0372 11.5392 -3.1225 7.0173
Car -1 -1 1.8533 459.3964 185.3431 516.7681 218.8062 1.3800 1.5823 3.9134 -5.5944 1.9922 33.3081 1.6869 6.9484
Car -1 -1 1.4205 669.8535 180.1440 725.0180 221.0801 1.4358 1.5445 3.8592 3.2724 1.7383 27.9549 1.5370 6.9183
Car -1 -1 2.4035 0.0000 205.5414 61.4130 374.0000 1.6133 1.6884 4.2853 -5.8371 1.9181 4.5157 1.4911 5.6513
Car -1 -1 -1.6248 650.1848 178.8243 681.1763 206.1076 1.4873 1.5866 3.9499 3.1793 1.8532 42.1924 -1.5496 4.3989
Car -1 -1 1.1402 842.2413 125.7000 991.0728 212.3084 2.1831 1.9237 5.1493 8.5316 0.9949 20.7970 1.5295 3.5292
Car -1 -1 -2.2390 669.3514 162.5821 715.4489 181.9496 1.5161 1.6234 3.9393 6.6265 0.7124 58.5816 -2.1263 0.9739
Car -1 -1 1.6885 467.1743 169.6318 494.0145 188.7488 1.4298 1.5940 3.9955 -10.0322 1.1891 56.0032 1.5113 0.0935
