Car -1 -1 -1.5498 560.0239 178.6350 614.2650 229.7713 1.5877 1.6842 3.6302 -0.6966 1.3845 24.1366 -1.5787 9.9286
Car -1 -1 -0.9146 0.0000 187.1485 192.3609 326.9860 1.5304 1.5582 3.8053 -7.6029 1.5631 9.8209 -1.5733 9.5488
Car -1 -1 -1.3420 407.4780 180.4172 460.4385 213.9586 1.5173 1.6338 3.8614 -8.2918 1.3014 34.4514 -1.5782 8.7111
Car -1 -1 2.0849 42.7045 185.5134 200.1360 254.8739 1.5665 1.6335 3.7961 -12.1485 1.5760 18.2017 1.4964 8.0305
Car -1 -1 -1.2399 189.9983 178.6465 451.8138 347.4361 1.6238 1.6858 4.1553 -3.2663 1.5618 9.0037 -1.5879 7.2223
Car -1 -1 -1.4118 465.3399 179.5478 539.3905 232.8387 1.5532 1.7002 4.1962 -3.3157 1.3891 23.0590 -1.5546 6.9896
Car -1 -1 -1.4530 505.3946 182.3981 545.0457 212.6727 1.4403 1.5497 3.7309 -4.1216 1.3074 36.0652 -1.5667 2.7830
Car -1 -1 1.8350 373.0886 179.0853 419.2969 204.6485 1.4662 1.6480 4.1363 -12.7068 1.1157 43.3111 1.5497 1.1572
Car -1 -1 -1.3641 457.8345 176.0954 494.3072 200.1627 1.5229 1.6072 3.8795 -8.6660 0.9470 47.4446 -1.5448 1.0966
Car -1 -1 1.9750 244.0984 182.0476 327.3692 224.6249 1.5373 1.6191 3.6828 -12.3883 1.4241 27.8054 1.5558 0.8406
