Car -1 -1 2.2294 0.0000 205.3378 230.9845 374.0000 1.4696 1.5663 3.5992 -5.7760 1.8926 7.5799 1.5783 12.3928
Car -1 -1 1.2321 750.3255 183.9435 936.9476 297.2878 1.4026 1.5448 3.6758 3.3310 1.6035 11.1663 1.5220 12.2858
Car -1 -1 -1.8022 703.2535 179.8050 810.0506 253.6599 1.5004 1.5929 3.7978 3.2581 1.6827 16.9498 -1.6123 12.2794
Car -1 -1 1.9561 289.7958 189.5789 432.0205 267.3978 1.4711 1.6491 4.1317 -5.6029 1.9066 16.6574 1.6316 10.5328
Car -1 -1 -1.7238 670.2469 176.8180 729.0391 221.9924 1.4693 1.5237 3.5961 3.0654 1.6204 25.6077 -1.6046 7.2773
Car -1 -1 -1.7613 658.9846 173.8288 713.5238 212.7851 1.5529 1.6069 3.8354 3.1491 1.5976 30.8403 -1.6595 6.1386
Car -1 -1 1.7129 398.9892 168.3077 442.1077 200.3444 1.6434 1.6719 4.3360 -10.2776 1.4106 39.2596 1.4568 3.6296
Car -1 -1 0.6609 4.5974 189.2666 168.7590 245.2360 1.4863 1.5764 3.5609 -14.8387 1.9724 20.5050 0.0345 2.8788
Car -1 -1 -1.7066 669.9747 162.5326 691.8132 178.4489 1.5295 1.6310 3.8970 6.9616 0.5380 71.3116 -1.6093 0.0926
Car -1 -1 1.7685 450.7212 183.3694 505.2894 221.1860 1.4996 1.6233 3.8794 -5.7580 1.9897 31.6495 1.5885 -0.1795
