Car -1 -1 -1.7673 699.0379 188.4819 820.7501 280.8255 1.4373 1.5455 3.4774 2.6199 1.7692 13.5607 -1.5765 12.4797
Car -1 -1 1.8121 348.4702 177.5251 487.6272 274.7831 1.5313 1.6134 3.8288 -3.4490 1.6313 13.4646 1.5613 12.0434
Car -1 -1 2.2643 0.0000 186.3823 274.0302 374.0000 1.5528 1.5784 3.6074 -3.4716 1.6611 3.9283 1.5405 11.2905
Car -1 -1 1.6586 477.0221 179.0838 533.7856 226.4397 1.4656 1.6048 3.6890 -3.5529 1.6956 24.7095 1.5158 11.2642
Car -1 -1 1.4187 654.1361 183.2093 718.9764 231.2001 1.4096 1.5572 3.8600 2.4176 1.7828 24.0079 1.5190 10.7812
Car -1 -1 1.0642 790.1659 190.4426 1241.0000 374.0000 1.5201 1.6200 3.9421 2.5530 1.6909 4.9925 1.5369 6.6529
Car -1 -1 -1.7013 643.3103 179.7494 694.1411 219.8256 1.5155 1.5995 3.8386 2.3274 1.8205 29.9149 -1.6237 6.0522
Car -1 -1 1.4627 637.6874 179.4338 679.0777 212.3050 1.4641 1.5804 3.8188 2.2451 1.8001 34.8549 1.5270 4.2163
Car -1 -1 -1.2951 373.5338 141.2520 449.9143 190.8153 1.7609 1.7401 4.2390 -7.5603 0.6385 27.7600 -1.5610 2.3159
Car -1 -1 1.3666 710.1363 169.2330 739.9196 190.3562 1.7602 1.7012 4.2773 9.8672 1.4588 62.2992 1.5237 -0.6007
