Car -1 -1 -1.7722 692.3452 181.7036 799.1383 257.0653 1.4015 1.5556 3.5711 2.7630 1.6159 15.6453 -1.5974 12.4136
Car -1 -1 0.5393 144.2868 174.8287 392.0352 260.7157 1.5664 1.6628 4.1583 -6.6919 1.6086 14.2389 0.0999 11.1208
Car -1 -1 -2.2211 913.6200 178.7491 1241.0000 374.0000 1.4906 1.5536 3.3712 2.9027 1.5343 3.5936 -1.5417 9.4815
Car -1 -1 -1.6721 656.3590 175.5428 712.5540 222.1587 1.5764 1.6536 3.9088 2.6234 1.6831 26.5792 -1.5737 9.2476
Car -1 -1 -2.8263 262.8302 165.0238 445.8454 237.1255 1.8125 1.7556 4.2210 -6.6853 1.6160 19.0595 -3.1637 8.4092
Car -1 -1 1.4791 648.6905 175.2659 691.7713 212.4046 1.5589 1.5792 3.7511 2.6101 1.6739 32.4126 1.5595 7.4814
Car -1 -1 -2.3505 0.0000 176.8185 186.0886 374.0000 1.5819 1.6669 4.0884 -6.4378 1.6230 6.5578 -3.1266 5.6529
Car -1 -1 -2.6294 0.0000 181.7902 247.6352 316.7204 1.4783 1.6072 3.7617 -6.9050 1.6044 9.0952 -3.2787 4.4699
Car -1 -1 0.2314 354.5215 175.2893 490.5959 224.2088 1.5610 1.6268 4.1112 -6.1904 1.6451 23.9637 -0.0214 3.8069
Car -1 -1 -3.2118 717.3334 167.0538 785.2122 190.8712 1.5163 1.6628 4.2310 9.1238 1.1474 47.0149 -3.0201 3.6726
Car -1 -1 -1.6483 642.0652 176.0314 676.3613 205.4423 1.6147 1.6738 4.1184 2.7907 1.8097 42.1271 -1.5821 3.1336
Car -1 -1 -2.7402 373.9504 170.0146 500.1280 218.6418 1.7420 1.7346 4.2628 -6.4851 1.6407 27.0537 -2.9754 2.5421
Car -1 -1 -1.8150 773.3685 156.4849 806.5013 176.2783 1.5356 1.6374 4.0948 14.3989 0.2660 58.0231 -1.5717 0.6669
Car -1 -1 1.9209 307.9215 144.8838 353.1332 168.2049 1.4987 1.6261 3.9179 -18.9971 -0.3289 49.1262 1.5519 0.1643
Car -1 -1 0.8305 506.2762 174.8533 560.2957 197.4939 1.6177 1.6795 4.1060 -5.7842 1.7729 53.8907 0.7236 -0.7277
