Car -1 -1 1.8352 384.7671 192.7345 462.4457 244.2204 1.5088 1.6340 3.6967 -6.2596 2.2338 24.4375 1.5844 11.8870
Car -1 -1 1.7880 431.4185 190.1260 490.1199 231.3140 1.5123 1.5950 3.8880 -6.1856 2.2796 30.0844 1.5852 10.6079
Car -1 -1 -1.7306 657.4442 179.2228 713.2522 222.3924 1.5411 1.5925 3.6471 2.8313 1.8067 28.1747 -1.6304 7.4767
Car -1 -1 -0.9624 79.9265 205.0775 173.0398 245.3503 1.4772 1.5875 3.5577 -20.7888 2.9480 31.1286 -1.5513 4.9722
Car -1 -1 0.9492 1033.9734 143.7093 1130.8279 176.1189 1.5868 1.7844 4.7675 24.5208 0.1602 37.7461 1.5253 4.9436
Car -1 -1 2.7508 889.5269 155.5612 943.5592 172.8233 1.5275 1.6303 4.1492 27.4298 -0.0024 64.6829 3.1519 4.2288
Car -1 -1 -0.9663 29.6830 208.0936 122.8669 245.3889 1.3812 1.5539 3.5892 -23.5744 3.0319 31.9715 -1.6016 1.9976
Car -1 -1 -1.0231 145.0281 200.4291 236.8018 241.3239 1.5095 1.6191 3.9556 -18.1080 2.7831 31.3181 -1.5474 1.9100
Car -1 -1 1.6550 533.8448 183.4651 553.8802 199.4180 1.4661 1.6367 3.9492 -6.4901 2.5386 70.9222 1.5637 0.0024
Car -1 -1 2.7063 822.1306 164.0883 1017.1819 228.3344 1.5788 1.7009 4.3225 7.8556 1.3637 18.6574 3.1048 -0.5777
Car -1 -1 -2.1841 1097.4046 140.7744 1181.2600 173.2247 1.6558 1.6749 3.9226 28.3072 0.0193 38.7888 -1.5537 -0.7396
