Car -1 -1 -1.5045 448.2243 179.8043 516.0234 241.0521 1.5118 1.6189 3.7566 -3.5370 1.7256 20.2046 -1.6778 9.5820
Car -1 -1 -1.6987 634.6622 174.6246 709.5831 238.9639 1.6509 1.6331 3.7453 1.6252 1.7063 20.5269 -1.6197 7.6032
Car -1 -1 2.0678 0.0000 208.2972 296.3926 374.0000 1.4785 1.5872 3.6867 -2.7891 1.7403 3.3573 1.3746 6.9815
Car -1 -1 1.4203 613.7005 176.9804 665.1210 216.5783 1.5480 1.6009 3.9065 1.1427 1.7353 30.6582 1.4576 6.2391
Car -1 -1 1.6633 493.8228 178.8338 535.6176 213.2403 1.4806 1.5913 3.7502 -4.4230 1.7753 33.6121 1.5325 4.1525
Car -1 -1 -1.4572 469.7579 159.0004 501.1033 183.7698 1.6263 1.6710 4.0347 -8.5198 0.7171 49.4338 -1.6278 2.9754
Car -1 -1 1.5479 523.2261 175.9857 545.8266 196.6886 1.5079 1.6251 3.8555 -5.8263 1.7565 55.1770 1.4427 1.1777
Car -1 -1 -1.6615 660.8286 148.1733 695.6945 175.8959 1.5272 1.6314 4.1640 3.8728 0.1679 41.8283 -1.5692 0.9622
Car -1 -1 -1.2873 402.0909 157.5404 447.4723 184.7329 1.5041 1.5823 3.6690 -10.6998 0.6574 41.7673 -1.5381 0.2388
Car -1 -1 1.5987 597.9869 171.1692 618.4087 188.6103 1.4253 1.6184 3.9242 -0.1474 1.2880 60.9457 1.5962 -0.5393
