Car -1 -1 -2.0406 799.3922 183.2802 1196.3954 374.0000 1.4115 1.5108 3.2434 2.7837 1.5238 6.0929 -1.6121 11.8399
Car -1 -1 1.8421 230.6901 183.1039 377.2466 278.1247 1.5572 1.6447 3.9920 -5.9279 1.7911 14.3513 1.4504 10.9293
Car -1 -1 -1.1795 49.3502 194.5579 306.8039 348.9970 1.4534 1.5460 3.4000 -5.1688 1.7804 9.0729 -1.6973 10.0174
Car -1 -1 -1.7230 590.1023 176.1692 649.7616 223.8272 1.5183 1.5517 3.4389 0.2345 1.6421 25.0488 -1.7137 8.6046
Car -1 -1 -1.4518 405.9195 182.5599 452.5458 219.0583 1.4061 1.5206 3.4100 -7.6333 1.8412 30.5316 -1.6968 6.6783
Car -1 -1 -1.8402 661.6717 161.2831 817.2534 268.0878 1.6689 1.7085 4.3065 2.1519 1.4885 13.5067 -1.6822 6.1631
Car -1 -1 -1.6047 567.0562 175.8570 601.4888 207.2631 1.4491 1.5620 3.5874 -1.3450 1.6049 35.4879 -1.6425 5.3691
Car -1 -1 -1.4193 409.8264 156.5490 437.2058 177.6167 1.8258 1.7538 4.2827 -16.7126 0.4131 64.7453 -1.6719 2.3541
Car -1 -1 -1.5176 544.5548 174.4597 570.5758 196.8061 1.5040 1.6207 4.0124 -3.6893 1.6220 50.8698 -1.5900 0.4256
Car -1 -1 -2.3053 550.9178 158.5491 598.3329 177.5168 1.4683 1.5931 3.8919 -2.8848 0.3613 57.7916 -2.3552 0.2881
