Car -1 -1 2.8090 753.4708 170.6634 929.4426 238.1468 1.7915 1.7573 4.3276 6.2991 1.7337 20.0924 3.1128 12.1473
Car -1 -1 -3.6497 921.8028 192.0442 1241.0000 315.3865 1.4561 1.5636 3.7570 6.3583 1.7392 9.7137 -3.0701 11.0075
Car -1 -1 -2.8920 365.8575 172.3554 485.1229 218.2629 1.5914 1.6601 3.8479 -6.5838 1.5744 25.8394 -3.1414 9.7794
Car -1 -1 -0.3918 884.0886 181.9265 1143.3138 280.1966 1.5116 1.5783 3.4989 6.6244 1.6780 12.2411 0.1043 9.6321
Car -1 -1 3.7701 0.0000 184.1707 188.4896 364.2234 1.4483 1.6067 3.9672 -6.6164 1.5748 6.9867 3.0119 7.7656
Car -1 -1 3.4342 246.7704 174.2319 422.3811 233.0986 1.4510 1.5962 3.9745 -7.0965 1.4889 18.7590 3.0725 6.1425
Car -1 -1 3.2277 404.1144 166.6082 512.6230 211.2131 1.8409 1.7298 4.4148 -6.4505 1.5835 30.8985 3.0219 5.5647
Car -1 -1 0.4386 173.1548 152.8732 409.9988 238.7779 1.8304 1.7928 4.5792 -7.1208 1.4050 16.3297 0.0274 3.4014
Car -1 -1 -1.6928 649.6120 152.1097 713.6456 217.4055 2.4190 1.9642 4.9795 2.7522 1.6508 29.2442 -1.5990 3.3368
Car -1 -1 0.1082 505.4473 159.1796 559.0040 179.8604 1.9458 1.8177 4.9104 -7.3999 0.6596 68.7948 0.0011 2.6447
Car -1 -1 -1.6714 706.5795 166.1984 732.2943 186.2271 1.5710 1.6580 4.0996 8.8392 1.0493 58.6794 -1.5219 0.7780
Car -1 -1 0.4787 478.0618 174.5068 541.3389 197.2343 1.4958 1.6100 3.9710 -6.8530 1.6119 49.1126 0.3401 -0.6236
