Car -1 -1 2.2115 0.0000 196.3141 240.5363 374.0000 1.5193 1.5847 3.5550 -4.5912 1.7622 5.6460 1.5288 12.1824
Car -1 -1 -1.7853 744.5881 180.2209 855.7149 254.4333 1.4371 1.5803 4.0170 4.1178 1.6257 16.4055 -1.5394 10.3332
Car -1 -1 -1.7963 718.7420 177.8797 797.1549 231.4425 1.4737 1.5412 3.6886 4.3798 1.6408 22.0658 -1.6003 9.6852
Car -1 -1 -1.9323 802.4562 170.3203 1071.1715 329.8513 1.6918 1.7616 4.4246 4.0075 1.6653 9.8817 -1.5470 8.4902
Car -1 -1 1.7600 502.5526 177.8096 556.3054 214.3171 1.4980 1.6491 4.0887 -3.5714 1.7346 32.2789 1.6498 8.1175
Car -1 -1 -1.7061 706.0000 176.8601 763.1047 221.9159 1.5534 1.6095 3.7163 4.5590 1.7146 27.0904 -1.5394 7.4725
Car -1 -1 -1.6966 696.5094 176.3503 742.7870 211.1989 1.4644 1.5924 3.7866 4.8551 1.6321 32.6121 -1.5488 6.0713
Car -1 -1 1.6960 544.1928 179.3991 578.9064 206.2487 1.4957 1.6135 3.7370 -2.8799 1.9038 43.0364 1.6291 4.0911
Car -1 -1 1.7366 528.5475 179.8142 570.8550 210.2588 1.4827 1.6075 3.8682 -3.1616 1.8693 38.0434 1.6537 2.5891
Car -1 -1 -2.9347 487.5326 162.3772 542.4817 182.2180 1.5277 1.6446 4.0169 -7.4423 0.7214 56.5274 -3.0656 1.3665
Car -1 -1 0.2496 454.1941 168.7095 496.0122 184.4392 1.5214 1.6134 3.7470 -13.2176 1.1209 70.7127 0.0648 0.2179
Car -1 -1 -1.4776 579.5613 177.4614 603.7218 196.4722 1.4898 1.6252 4.0901 -1.5080 1.8845 59.6523 -1.5029 0.1768
Car -1 -1 -2.9029 432.9803 172.6947 506.5865 202.2321 1.7025 1.7064 3.9693 -8.2607 1.6937 42.5309 -3.0948 0.0578
