Car -1 -1 -2.0342 807.2251 191.8493 1241.0000 374.0000 1.4149 1.4949 3.4266 2.6902 1.6063 5.5341 -1.5817 12.5264
Car -1 -1 -1.7199 682.7494 180.1044 781.3073 257.0632 1.5297 1.6374 3.9603 2.6395 1.7178 16.6997 -1.5632 11.6626
Car -1 -1 -1.7240 662.3219 182.4341 734.2448 238.0940 1.5240 1.6189 3.8816 2.5999 1.8480 22.4012 -1.6084 9.1418
Car -1 -1 3.4429 227.3589 177.8651 430.1980 256.5324 1.6976 1.6982 4.0455 -6.4114 1.8206 16.6732 3.0758 8.1950
Car -1 -1 -2.5184 0.0000 159.7540 295.1516 327.8368 1.9022 1.7866 4.5032 -6.6583 1.7543 9.0779 -3.1512 7.7441
Car -1 -1 0.3354 136.1432 183.6946 394.2252 271.2564 1.5395 1.6700 4.1991 -6.5501 1.7657 13.9876 -0.1026 5.4785
Car -1 -1 -1.7304 643.7778 177.6318 695.1676 217.2473 1.6056 1.6403 3.8935 2.5085 1.8294 31.7313 -1.6515 5.3843
Car -1 -1 0.1822 471.0019 179.8890 544.1513 207.9623 1.6183 1.6613 4.0800 -6.0949 2.0465 42.9635 0.0413 3.2646
Car -1 -1 1.5180 635.1126 181.4494 663.8390 206.2315 1.4452 1.5924 3.8896 2.4115 2.0092 45.3694 1.5711 2.5078
Car -1 -1 0.5198 38.5409 186.0632 345.5025 288.2635 1.5024 1.6151 4.0141 -6.6183 1.7305 11.6259 0.0022 1.1643
Car -1 -1 -1.4047 455.7025 183.8243 516.3937 227.8770 1.4763 1.6236 3.8859 -4.6160 1.9182 27.0914 -1.5735 0.8029
