Car -1 -1 1.9606 199.5406 194.8979 369.2817 296.1440 1.5304 1.5829 3.7683 -5.9815 2.0055 13.6345 1.5472 14.3584
Car -1 -1 2.1685 0.0000 208.4040 248.9126 374.0000 1.4570 1.5870 3.6444 -5.8958 1.9578 8.3179 1.5519 13.2698
Car -1 -1 1.8582 318.6919 191.1523 422.4384 259.1964 1.4713 1.5354 3.6465 -6.0347 1.9861 18.4360 1.5418 11.7802
Car -1 -1 1.8025 392.3392 187.5332 466.7636 236.6656 1.4476 1.5700 3.9748 -6.0559 1.9859 24.4443 1.5597 11.6927
Car -1 -1 -1.6572 659.7789 174.4506 704.5600 213.2756 1.6036 1.6268 3.8964 3.0916 1.6789 31.9167 -1.5607 7.7462
Car -1 -1 1.7955 447.3338 183.3881 504.9834 222.4685 1.5613 1.6569 4.0132 -5.8912 2.0582 31.9636 1.6133 4.7900
Car -1 -1 -0.6860 1144.7690 140.8061 1241.0000 179.0716 1.4382 1.5983 3.8290 23.1693 0.2340 27.9279 0.0066 4.2494
Car -1 -1 2.3844 1191.6251 130.7579 1241.0000 176.5083 1.5482 1.6416 4.1720 23.0613 0.1240 25.2712 3.1242 3.2023
Car -1 -1 -1.7173 667.6879 178.1911 727.9735 221.2589 1.4293 1.6061 4.0263 3.0975 1.6407 26.4845 -1.6009 2.7039
Car -1 -1 2.7370 837.5516 145.9793 993.2209 200.3523 1.6599 1.6765 4.2279 9.5515 0.8398 22.8818 3.1325 2.4144
Car -1 -1 -1.8206 755.5944 144.0971 820.8017 192.3267 2.1548 1.8748 4.8820 8.4186 0.8704 34.6860 -1.5825 2.0258
Car -1 -1 2.7052 849.6609 146.0926 1016.1129 208.1491 1.6823 1.6374 3.9813 9.0014 0.9572 20.4182 3.1204 1.7067
