Car -1 -1 -2.3528 742.3178 174.7987 858.2174 223.9255 1.4575 1.5440 3.6138 6.0601 1.5264 23.5071 -2.1004 12.0428
Car -1 -1 1.3192 620.7884 175.9476 671.9706 207.5369 1.4578 1.6264 3.7925 1.7027 1.6199 35.7121 1.3669 7.7831
Car -1 -1 -2.6867 147.7420 176.8187 362.5464 253.3808 1.4656 1.5440 3.6082 -7.1495 1.5508 14.6639 -3.1403 7.2924
Car -1 -1 -2.8291 254.3669 153.2845 456.9815 234.4527 2.0398 1.8543 4.7199 -6.6471 1.5483 19.1090 -3.1638 6.0899
Car -1 -1 3.7146 0.0000 187.3942 202.8861 357.3027 1.4626 1.5698 3.5800 -6.4855 1.6335 7.4213 2.9964 5.2979
Car -1 -1 3.3701 388.0347 174.6953 488.2328 210.9763 1.5330 1.6468 3.9734 -7.4635 1.6157 31.4028 3.1368 3.8197
Car -1 -1 3.9962 0.0000 202.0838 144.1962 374.0000 1.4180 1.5943 4.0464 -5.8200 1.6535 4.9883 3.1340 3.1100
Car -1 -1 3.4851 212.6664 179.2733 408.6459 244.7847 1.4085 1.5366 3.8574 -6.7945 1.5636 16.5352 3.0952 3.0351
Car -1 -1 -3.1537 652.0677 162.0833 694.7151 179.0952 1.5695 1.6283 3.9284 5.8990 0.5762 67.5258 -3.0666 2.1599
Car -1 -1 1.5703 614.4851 173.2236 641.2676 198.8584 1.5284 1.5991 3.8852 1.0795 1.5528 45.0343 1.5943 1.7924
Car -1 -1 0.6976 21.7234 148.8252 158.4606 194.2002 2.1961 1.9457 5.6136 -25.9761 1.0335 36.0952 0.0738 1.6545
Car -1 -1 -1.3575 444.9099 164.6243 485.2123 189.8367 1.4771 1.6100 4.0296 -8.8757 0.9953 44.2974 -1.5552 0.1075
Car -1 -1 2.1469 117.9121 142.7406 186.3301 169.0602 1.4930 1.6229 3.8865 -27.5107 -0.2383 43.4413 1.5823 -0.5781
Car -1 -1 1.7109 476.1466 176.6486 510.4253 202.3594 1.4912 1.5789 3.6733 -7.1462 1.7340 44.2448 1.5508 -0.6367
