Car -1 -1 -1.7489 679.7870 181.6039 760.6723 240.6917 1.4128 1.5003 3.3885 2.8186 1.3276 18.9002 -1.6009 12.9711
Car -1 -1 -1.2194 207.6597 188.7129 433.5554 326.6237 1.5264 1.6127 3.8995 -3.7436 1.5857 10.0067 -1.5774 12.5483
Car -1 -1 -1.0134 58.8245 189.8387 258.5757 279.1787 1.4190 1.5683 3.3689 -8.1149 1.5165 13.2805 -1.5619 10.9601
Car -1 -1 -1.3848 427.3842 178.8021 500.7866 231.9477 1.5182 1.5889 3.6419 -4.4186 1.3361 22.3596 -1.5799 9.7251
Car -1 -1 -1.4450 491.8968 181.5718 533.5542 213.0344 1.4554 1.5721 3.6384 -4.6166 1.2880 35.0726 -1.5759 6.6168
Car -1 -1 -1.2808 380.9324 176.4290 440.8416 212.3918 1.5222 1.5918 3.7471 -8.8082 1.1514 32.3145 -1.5469 4.4587
Car -1 -1 -1.5547 583.1999 177.8472 612.2767 205.0585 1.5297 1.6347 4.1020 -0.5868 1.1166 42.4603 -1.5685 3.7413
Car -1 -1 -1.5624 631.1363 176.9377 656.8705 200.6341 1.4658 1.5915 3.9396 2.3340 0.9549 46.4760 -1.5122 3.5142
Car -1 -1 -0.5427 0.0000 191.9900 83.5178 375.0000 1.4793 1.5786 3.7098 -3.5769 1.5168 1.9606 -1.6121 2.3460
Car -1 -1 -1.4610 519.8558 176.6731 550.9113 200.2749 1.4446 1.5694 3.7858 -4.6044 0.9229 45.8970 -1.5610 1.3198
Car -1 -1 -1.3512 573.6128 179.0144 609.7555 201.5889 1.5149 1.6638 4.1925 -1.1010 1.0999 50.4550 -1.3730 0.8367
Car -1 -1 -1.2673 296.7910 174.0489 380.1007 221.4652 1.4109 1.5476 3.4538 -8.6143 1.0798 23.1515 -1.6235 0.6391
