Car -1 -1 -1.0150 20.2781 187.4622 236.7014 280.8111 1.4571 1.5449 3.7249 -8.5597 1.5053 13.1846 -1.5908 11.9276
Car -1 -1 -1.3501 400.2979 183.8263 499.7347 252.8311 1.4855 1.5662 3.6490 -3.7182 1.4567 17.3026 -1.5617 11.1504
Car -1 -1 -1.1957 248.3974 178.5611 366.9766 244.8354 1.6133 1.6600 3.8223 -7.9936 1.4524 19.4189 -1.5862 10.9700
Car -1 -1 -1.4297 491.2937 174.4704 546.8038 217.0793 1.6208 1.6879 4.1383 -3.5893 1.2132 29.4260 -1.5510 8.0987
Car -1 -1 -1.0963 134.4308 182.0103 254.8206 237.3055 1.5154 1.5771 3.7846 -12.3101 1.4287 21.6217 -1.6139 7.6068
Car -1 -1 -1.5530 574.4661 178.4949 615.4419 217.2524 1.5796 1.6700 3.9129 -0.5588 1.3068 31.2496 -1.5708 7.5712
Car -1 -1 -1.3027 357.6213 181.8070 427.6127 223.5335 1.4119 1.5561 3.5177 -7.7638 1.2977 26.0947 -1.5919 4.5199
Car -1 -1 2.3484 0.0000 144.2238 291.4207 375.0000 1.4892 1.6603 4.2491 -3.1997 1.4307 3.1759 1.5592 1.8563
Car -1 -1 -1.3862 461.2642 174.8377 499.3892 200.8879 1.5401 1.6360 3.8901 -7.8534 0.9277 44.4470 -1.5611 1.6443
Car -1 -1 -0.9274 0.0000 177.3919 121.4523 258.5402 1.4765 1.5510 3.5330 -12.0323 1.3353 14.8700 -1.6077 1.5622
