Car -1 -1 -1.2148 153.7959 193.2882 442.4296 374.0000 1.3955 1.4915 3.3713 -2.8444 1.6489 7.2357 -1.5894 13.0493
Car -1 -1 -2.8011 294.1562 172.6789 445.9520 226.3680 1.4894 1.6084 3.8488 -6.9039 1.4849 20.8579 -3.1208 9.7914
Car -1 -1 -1.4199 505.0593 176.6075 564.5246 222.5976 1.5857 1.6658 3.8359 -2.7962 1.7374 27.1499 -1.5225 7.9107
Car -1 -1 -1.7216 693.6561 182.1683 793.5786 265.0635 1.4860 1.5264 3.2984 2.6069 1.7011 14.9712 -1.5492 5.4153
Car -1 -1 -1.4608 537.6536 179.7304 579.1461 213.2792 1.4923 1.5786 3.9614 -2.4804 1.8447 34.9257 -1.5317 4.9324
Car -1 -1 -1.5746 680.3206 180.5457 746.2384 245.8309 1.5683 1.6201 3.8332 2.7684 1.8013 19.8116 -1.4358 4.3048
Car -1 -1 -1.6257 642.1322 178.4945 667.2985 199.8784 1.4512 1.5903 3.8936 3.1572 1.8729 51.9458 -1.5650 1.5633
Car -1 -1 3.1718 525.9300 160.6287 570.1659 176.9974 1.5747 1.6572 4.2492 -6.0295 0.3990 70.3552 3.0863 1.0698
Car -1 -1 -1.6284 671.1086 174.8109 692.3632 192.9563 1.5503 1.6460 4.0100 6.3244 1.7301 64.1197 -1.5301 0.9507
Car -1 -1 -1.4220 495.7297 155.1649 519.9547 172.5953 1.4765 1.5699 3.6681 -8.9124 -0.0229 63.0113 -1.5625 0.2466
