Car -1 -1 -1.7344 644.2055 172.7644 726.1310 230.6355 1.4678 1.6221 4.1322 1.9657 1.4659 20.4144 -1.6384 9.3373
Car -1 -1 3.3583 233.0952 182.6868 413.1427 248.1714 1.4154 1.5363 3.6865 -6.6614 1.6612 16.9558 2.9839 8.3802
Car -1 -1 0.3281 293.2734 171.6560 444.8429 228.0031 1.6779 1.7048 4.1250 -7.4226 1.6425 22.3504 0.0074 5.5481
Car -1 -1 3.5786 123.1522 176.2114 367.0429 254.0241 1.4722 1.6452 4.0954 -7.2878 1.5446 14.5996 3.1156 5.3080
Car -1 -1 -0.6464 957.5284 164.8798 1241.0000 361.5381 1.6626 1.7081 4.1288 5.8174 1.5956 7.0416 0.0440 5.2437
Car -1 -1 -1.6099 626.1839 172.8733 661.1625 204.1207 1.4618 1.5697 3.7276 1.5792 1.4632 35.6230 -1.5656 3.9832
Car -1 -1 1.6712 506.5900 174.1503 533.9132 195.2139 1.4624 1.5853 3.8882 -6.4957 1.5602 52.2940 1.5476 3.1871
Car -1 -1 -2.8239 389.2875 172.3277 495.3871 211.6964 1.6757 1.7030 4.2277 -7.3694 1.6537 31.7461 -3.0520 3.1308
Car -1 -1 -2.8316 351.1703 168.3107 477.9959 215.4926 1.7789 1.7636 4.4575 -7.6086 1.6080 28.1853 -3.0953 2.6048
Car -1 -1 -0.8728 1085.4416 204.2014 1241.0000 374.0000 1.4136 1.5560 3.8068 5.5599 1.6613 4.8703 -0.0214 1.0901
Car -1 -1 3.0988 368.7433 155.1229 426.5776 177.4249 1.5385 1.6371 3.8675 -15.0950 0.3157 51.1732 2.8120 -0.7900
