Car -1 -1 -0.3144 613.9134 180.4912 776.6631 240.5856 1.4540 1.5745 3.9427 2.1456 1.6669 18.9170 -0.2015 9.2226
Car -1 -1 3.6249 0.0000 205.8318 176.8679 333.3387 1.4955 1.5877 3.6603 -8.5084 2.0160 10.2193 2.9306 7.4073
Car -1 -1 3.6093 0.0000 200.2301 221.0349 299.4852 1.4899 1.6076 3.7596 -9.1238 2.0073 12.5290 2.9799 7.3992
Car -1 -1 3.3613 251.8498 188.1169 358.5752 228.8016 1.5081 1.5887 3.6502 -12.0767 2.1386 28.6804 2.9628 7.1928
Car -1 -1 3.4702 147.7556 191.5581 319.8582 248.4405 1.5031 1.6254 4.1176 -10.8138 2.0740 20.9014 2.9927 6.9318
Car -1 -1 0.3037 97.5274 186.7777 297.6240 255.9204 1.5917 1.6579 4.1098 -10.3652 1.9701 18.3469 -0.2105 6.7481
Car -1 -1 -0.2118 570.4398 177.3892 676.5971 218.0158 1.5828 1.6441 4.0955 0.4824 1.7767 29.5815 -0.1955 5.8144
Car -1 -1 0.0062 559.1063 181.2643 649.5869 215.2539 1.4358 1.5871 3.8722 -0.2848 1.8146 31.6704 -0.0028 3.8932
Car -1 -1 -1.8702 373.3357 181.0310 404.8246 199.1099 1.5451 1.6340 3.9874 -20.1562 2.3137 65.6794 -2.1679 1.9634
Car -1 -1 1.3801 267.4115 173.2907 304.8181 196.4155 1.5457 1.6606 3.9476 -22.6817 1.5778 50.3963 0.9571 0.8142
