Car -1 -1 -1.2112 281.6473 177.5038 379.7702 232.8649 1.5508 1.6203 3.6164 -8.3781 1.3359 21.9449 -1.5759 11.6624
Car -1 -1 -1.3083 367.1736 183.2329 467.7111 248.1746 1.4618 1.5741 3.4381 -4.6667 1.4183 17.9026 -1.5633 10.6929
Car -1 -1 -0.9584 0.0000 186.8615 283.8984 375.0000 1.4592 1.4902 3.5894 -4.1383 1.4775 5.6717 -1.5887 9.7641
Car -1 -1 1.7389 448.8580 175.2956 516.6228 221.3846 1.5334 1.7021 4.4422 -4.4804 1.2045 26.1348 1.5691 9.6210
Car -1 -1 -1.5917 574.3168 168.8886 656.9493 248.8520 1.6278 1.6842 4.0687 0.0801 1.2966 16.6773 -1.5869 9.2261
Car -1 -1 -1.0584 129.6152 183.3894 253.2660 234.0585 1.4427 1.5897 3.9757 -12.8792 1.3918 22.4579 -1.5791 7.4792
Car -1 -1 -0.8844 0.0000 175.2662 124.9055 259.4642 1.5497 1.6306 3.9389 -12.3988 1.3677 15.1983 -1.5687 4.7452
Car -1 -1 -1.3884 489.5684 163.5189 545.2350 208.9125 2.0851 1.8535 4.9964 -4.4084 1.0896 35.5652 -1.5118 2.9269
Car -1 -1 1.6229 543.9519 175.0728 576.5467 204.2264 1.5922 1.6623 4.0133 -2.7098 1.0394 41.2743 1.5573 2.5052
Car -1 -1 -1.5544 550.4819 170.7307 568.0295 187.6432 1.6196 1.6617 4.2824 -4.7694 0.2336 71.0175 -1.6214 1.0529
Car -1 -1 1.5206 624.7402 177.5891 648.7512 199.0519 1.5836 1.6285 4.0989 2.1711 1.0220 55.0936 1.5600 0.1545
Car -1 -1 1.5403 642.5145 180.8560 669.2643 206.3849 1.6155 1.6359 3.9381 3.1197 1.3407 47.4824 1.6059 0.0277
