Car -1 -1 2.1245 0.0000 200.1151 256.9891 359.1947 1.4501 1.5637 3.7014 -6.1341 1.8654 9.0989 1.5313 12.9283
Car -1 -1 -1.7332 700.4518 177.8145 803.2200 254.6291 1.4508 1.5819 3.6931 2.9093 1.5721 15.7276 -1.5503 9.4853
Car -1 -1 2.7012 849.8046 152.0455 1061.2557 225.6755 1.7373 1.7311 4.4147 8.3941 1.2467 17.8917 3.1399 8.8850
Car -1 -1 2.5455 972.9800 123.7624 1241.0000 257.2664 1.9885 1.8094 4.4648 8.5402 1.2577 11.7233 3.1751 8.2039
Car -1 -1 -1.2625 336.3915 180.7043 443.8791 248.5845 1.6672 1.6824 4.2205 -6.0886 1.9120 20.3349 -1.5535 7.6091
Car -1 -1 1.7379 470.4360 181.7222 513.8739 213.1162 1.4774 1.5794 3.8479 -6.0183 1.9559 36.9715 1.5765 5.7122
Car -1 -1 1.7526 487.6556 178.5460 525.7384 206.3991 1.5058 1.5770 3.4071 -5.9247 1.8468 41.4463 1.6106 5.4855
Car -1 -1 1.8063 439.7927 181.3895 500.7626 219.1983 1.4860 1.6714 4.2100 -6.0466 1.8839 31.4632 1.6164 4.8098
Car -1 -1 -3.9053 1062.1428 152.6774 1241.0000 302.7257 1.6114 1.7119 4.2455 8.0102 1.3950 8.6353 -3.1575 2.3257
Car -1 -1 -1.1656 267.8802 184.6594 410.7060 263.3148 1.5442 1.6210 4.1048 -6.1868 1.8551 16.8845 -1.5168 0.6562
Car -1 -1 0.9328 448.5578 169.0370 492.7686 187.1761 1.4885 1.6521 3.9448 -11.8538 1.1757 61.1496 0.7413 0.2487
Car -1 -1 1.4232 718.2217 166.4861 753.6421 191.3542 1.4755 1.6102 3.8256 7.7289 1.0980 44.7388 1.5943 -0.3170
Car -1 -1 0.9301 629.5383 173.1389 690.1819 200.9351 1.5928 1.6240 3.9106 2.9202 1.6112 43.4695 0.9972 -0.3643
Car -1 -1 1.3334 105.7920 165.6768 211.1131 224.0912 1.5333 1.6673 4.0753 -13.2220 1.3453 20.9540 0.7705 -0.8174
