Car -1 -1 -3.6228 870.7957 185.3768 1187.7038 301.5486 1.5994 1.6430 3.8599 6.1453 1.8059 10.9960 -3.1132 10.5373
Car -1 -1 3.5237 141.7930 188.5203 379.4412 273.9004 1.4383 1.5127 3.6563 -6.3702 1.7473 13.3421 3.0782 9.9153
Car -1 -1 -0.4179 797.0784 187.9478 970.3161 250.3238 1.4926 1.5682 3.8733 6.9287 1.9010 18.6010 -0.0613 9.3303
Car -1 -1 -0.2147 706.5127 184.2682 806.5146 222.6042 1.5552 1.6116 3.9008 6.1212 2.0531 30.6083 -0.0173 9.0463
Car -1 -1 -0.2876 775.2807 184.3105 921.1159 240.5748 1.5271 1.6034 3.6805 6.7265 1.8709 20.7753 0.0255 7.9025
Car -1 -1 0.3215 321.6214 181.4272 481.6080 239.6130 1.5541 1.6565 4.0409 -5.8717 1.8083 20.4495 0.0419 7.3280
Car -1 -1 3.4206 247.0271 182.6087 440.7514 255.6185 1.4768 1.5619 3.6778 -5.7357 1.7024 15.7436 3.0712 7.2969
Car -1 -1 0.2463 456.1107 181.3337 537.2570 214.0900 1.6928 1.6927 4.0251 -6.0992 2.1617 38.8403 0.0905 6.2500
Car -1 -1 -0.6152 1074.0204 197.2120 1241.0000 374.0000 1.4513 1.6087 3.7537 6.5412 1.7082 6.4795 0.1750 6.1249
Car -1 -1 3.7400 0.0000 192.7884 246.7822 342.8003 1.4651 1.5978 4.0485 -6.6476 1.7200 8.2555 3.0621 3.3065
Car -1 -1 -1.5829 645.9167 186.1679 672.9542 212.0140 1.4638 1.6088 4.0402 3.0249 2.3334 45.0456 -1.5158 3.1308
Car -1 -1 -2.0494 943.2510 171.3368 1018.2905 205.9876 1.6538 1.6603 4.1061 18.6095 1.5817 36.4925 -1.5778 1.0950
Car -1 -1 1.6205 573.3669 182.6690 591.9647 198.9631 1.4735 1.6038 3.8140 -2.6250 2.4450 69.4735 1.5828 0.5500
Car -1 -1 0.8429 0.0000 95.5206 254.6913 374.0000 2.1673 1.8899 5.3548 -6.1082 1.6439 5.9457 0.0440 0.2141
Car -1 -1 3.3464 369.7171 174.2389 493.9361 223.7385 1.6775 1.6685 3.9910 -6.2408 1.7284 25.4066 3.1055 -0.4723
