Car -1 -1 -1.0615 0.0000 184.0113 379.3303 374.0000 1.4886 1.5833 4.1411 -3.2708 1.6080 5.6135 -1.5891 10.2322
Car -1 -1 -1.4064 437.7244 178.2610 522.2756 241.7041 1.5542 1.6338 4.3165 -3.5621 1.7223 20.2089 -1.5808 9.4725
Car -1 -1 -1.5771 559.5900 185.6138 714.7143 335.3141 1.4622 1.5842 3.5789 0.2596 1.6565 9.1592 -1.5488 8.6332
Car -1 -1 1.4210 688.3396 175.1967 749.5785 218.0811 1.5917 1.7769 4.5609 4.2882 1.6946 29.3117 1.5662 7.9823
Car -1 -1 -1.4661 479.9514 173.4506 536.3859 221.3752 1.6411 1.6663 3.9542 -3.7420 1.6652 26.7588 -1.6051 7.7769
Car -1 -1 -1.5803 585.3723 176.4521 650.1798 237.6825 1.5250 1.6342 3.7611 0.1430 1.6349 20.0718 -1.5732 7.0301
Car -1 -1 -1.6429 674.3410 166.3623 715.7067 206.1278 1.9353 1.7881 4.6493 4.3115 1.6198 37.4742 -1.5284 3.9110
Car -1 -1 -1.3478 312.5638 131.2655 497.5855 294.2695 2.3575 1.9891 5.5184 -3.4503 1.7564 13.2228 -1.6031 3.8686
Car -1 -1 -2.6725 216.6140 186.2986 289.3642 210.9288 1.4669 1.5885 3.7216 -22.0962 2.3147 44.6681 -3.1319 0.8039
Car -1 -1 0.1090 731.8346 174.8345 772.3916 191.5427 1.5332 1.6083 3.5873 13.3467 1.7233 67.8216 0.3033 0.7396
