Car -1 -1 -1.3518 667.1212 183.2860 778.2453 267.2325 1.4648 1.5482 3.4900 2.3904 1.7092 14.9692 -1.1935 11.2127
Car -1 -1 2.0287 412.4365 182.1982 686.4890 358.6429 1.5281 1.6252 3.8914 -0.4944 1.6669 8.5780 1.9712 8.7405
Car -1 -1 -0.7697 0.0000 128.1828 551.0073 374.0000 1.6584 1.7311 4.5066 -2.2132 1.5114 4.7917 -1.2024 6.3111
Car -1 -1 -1.8050 985.6029 190.9548 1241.0000 374.0000 1.4808 1.5309 3.5106 4.4892 1.6955 6.6290 -1.2098 5.8027
Car -1 -1 -1.5510 952.2159 183.8561 1022.0982 245.5210 1.4909 1.5912 3.6821 10.5072 1.8291 20.1523 -1.0704 5.5766
Car -1 -1 1.7170 799.0961 175.5287 849.5776 213.1249 1.5948 1.6547 3.9929 9.8359 1.7257 33.0698 2.0060 3.5854
Car -1 -1 1.4066 920.4434 177.7152 954.3706 200.3206 1.5979 1.6710 4.0458 24.4729 1.9774 54.1021 1.8314 2.5991
Car -1 -1 0.1866 656.6881 166.1303 756.4399 205.9938 1.5265 1.6219 3.7368 3.8498 1.2694 28.9826 0.3187 2.5288
Car -1 -1 -1.8303 822.4175 177.8623 870.0132 205.7352 1.4610 1.5877 3.8789 13.1623 1.7563 40.5092 -1.5162 1.8109
Car -1 -1 -1.7232 930.2935 184.7374 1002.6806 234.1641 1.4631 1.6030 3.9456 11.9536 1.9019 24.4979 -1.2692 -0.4443
Car -1 -1 -1.3510 759.1763 164.1042 798.2515 188.2360 1.4701 1.6164 3.9121 10.7782 0.9374 46.0648 -1.1212 -0.7298
