Car -1 -1 2.1468 0.0000 192.5760 236.2631 374.0000 1.4986 1.5899 3.6617 -5.8816 1.7699 8.0402 1.5152 13.2015
Car -1 -1 -2.1849 866.6419 189.8583 1241.0000 374.0000 1.4371 1.4797 3.5639 2.9785 1.5868 4.5301 -1.6033 10.0228
Car -1 -1 1.8563 129.2253 180.9073 221.2688 229.4466 1.5048 1.6756 4.0711 -15.1332 1.8116 25.2702 1.3168 4.9284
Car -1 -1 -1.1668 65.6999 175.1274 158.8277 217.0247 1.3866 1.5305 3.4125 -17.7930 1.4743 25.8974 -1.7688 3.3892
Car -1 -1 1.3326 462.9416 181.4247 515.1404 212.8243 1.3280 1.5445 3.7753 -5.7351 1.7525 33.6656 1.1639 3.2653
Car -1 -1 -1.8211 743.1615 152.9626 825.3143 214.1997 2.0414 1.8011 4.6331 6.1975 1.3787 26.3848 -1.5904 2.8853
Car -1 -1 -0.3098 792.8689 147.2445 917.5268 196.9064 1.9897 1.8166 4.5428 10.0207 0.9640 29.8464 0.0141 1.5858
Car -1 -1 3.1496 550.0432 160.8512 614.8774 186.0686 2.0873 1.8801 5.3703 -2.3309 1.0942 60.7429 3.1112 0.2217
Car -1 -1 2.2649 0.0000 104.4054 83.0466 245.8123 1.7394 1.7627 4.5435 -10.6580 0.8978 11.1979 1.5042 -0.2077
Car -1 -1 1.7003 375.0392 179.6390 414.8206 209.7038 1.5792 1.6582 4.0416 -12.1933 1.9850 40.9843 1.4111 -0.6886
