Car -1 -1 -1.7902 714.5169 179.3831 845.4050 269.6949 1.4854 1.6079 4.0207 3.1050 1.6322 14.1691 -1.5745 12.8414
Car -1 -1 -1.9236 760.2998 192.4333 1042.3417 371.5843 1.4073 1.5323 3.8434 2.8116 1.6779 8.0215 -1.5865 12.4321
Car -1 -1 1.7870 426.6435 182.7375 517.8823 250.3675 1.5833 1.6043 3.9083 -3.6387 1.8772 19.4458 1.6020 12.3657
Car -1 -1 1.9486 175.0265 200.8383 435.3132 360.5684 1.4250 1.6049 3.9239 -3.5430 1.8544 9.0906 1.5770 11.9594
Car -1 -1 -1.7209 691.3262 179.3835 769.8473 241.4313 1.5177 1.5737 3.6916 3.1757 1.7148 19.8880 -1.5626 11.3185
Car -1 -1 1.7675 353.2238 188.2633 471.7083 278.5762 1.5043 1.5890 3.7494 -3.8890 1.8574 14.5929 1.5071 10.7879
Car -1 -1 2.2699 0.0000 204.0074 244.2447 374.0000 1.5080 1.5795 3.6675 -3.4193 1.7400 3.4720 1.4921 9.8614
Car -1 -1 -2.4034 959.9959 163.5264 1241.0000 374.0000 1.5103 1.5971 3.7606 2.6829 1.5063 2.2481 -1.5301 4.6653
Car -1 -1 -0.1775 605.7073 181.3861 660.4358 201.6557 1.4971 1.6172 3.9676 1.7227 2.1642 55.2944 -0.1463 2.3766
Car -1 -1 -1.9884 417.7785 157.5586 468.0502 183.2709 1.5709 1.6488 3.9978 -10.7623 0.6368 46.1709 -2.2174 0.0509
Car -1 -1 -3.4011 900.5269 140.5255 1010.4852 177.7697 1.7171 1.7467 4.4438 16.4002 0.2270 34.5288 -2.9577 -0.3310
Car -1 -1 -0.9787 562.3999 179.4058 595.9885 195.0822 1.4696 1.5879 3.5749 -3.0305 2.1342 71.2004 -1.0213 -0.4556
