Car -1 -1 2.0155 0.0000 198.5721 344.4048 374.0000 1.5223 1.6354 3.9937 -3.5343 1.8014 5.7459 1.4640 12.7175
Car -1 -1 1.8136 297.3612 190.8552 448.2782 303.1398 1.5476 1.5912 3.7626 -3.9568 1.9078 12.4889 1.5068 11.6780
Car -1 -1 -1.8760 752.2251 183.5881 952.4291 310.3753 1.4038 1.5396 3.7347 3.1074 1.5835 10.1778 -1.5797 11.1961
Car -1 -1 -2.1134 856.9568 194.6493 1241.0000 374.0000 1.4904 1.5852 3.9032 3.3201 1.7181 5.5679 -1.5757 11.0918
Car -1 -1 -1.6880 629.6109 179.4468 683.4525 222.0478 1.4947 1.6098 3.9988 1.6895 1.7694 27.9865 -1.6277 8.2578
Car -1 -1 -1.4832 440.1579 172.9073 506.9464 235.8735 1.8679 1.7752 4.2548 -4.4085 1.8701 23.6084 -1.6678 6.6513
Car -1 -1 -1.7577 674.3569 179.3573 785.2214 261.0002 1.4876 1.5944 3.9217 2.3663 1.6451 15.4480 -1.6057 5.8061
Car -1 -1 -1.5265 507.4217 180.8211 535.2698 204.9525 1.4074 1.5725 3.7166 -5.5561 1.9286 45.2558 -1.6486 4.9322
Car -1 -1 -0.9976 710.8143 157.5536 761.8984 179.5325 1.4269 1.5739 3.8370 8.5443 0.4339 48.7832 -0.8242 2.3477
Car -1 -1 1.4264 608.7885 174.5331 644.5386 201.3446 1.5650 1.6326 4.0178 0.9475 1.6738 44.4710 1.4477 1.8790
Car -1 -1 1.4194 685.0228 157.9012 729.3426 187.9628 1.3681 1.5469 3.8104 4.5847 0.6879 34.7541 1.5505 1.5691
