Car -1 -1 1.8287 354.7408 190.3797 443.4165 249.4211 1.4730 1.5803 3.6751 -6.0598 2.0276 20.9564 1.5472 13.6091
Car -1 -1 2.0841 33.4418 205.2432 309.3654 347.6064 1.4644 1.5919 3.8898 -5.9189 2.0132 10.2606 1.5609 13.4202
Car -1 -1 1.9178 252.3041 197.2891 384.3721 281.7407 1.4493 1.4954 3.3352 -5.9797 2.0166 15.0478 1.5396 11.9414
Car -1 -1 1.8215 425.4554 187.0081 492.6682 231.0407 1.5335 1.6550 3.9856 -5.9055 2.1320 28.4593 1.6169 9.7505
Car -1 -1 -1.7466 676.6816 174.4359 750.6124 228.0103 1.5449 1.6218 4.0521 3.1538 1.6002 22.9819 -1.6102 8.0844
Car -1 -1 -3.6056 901.2608 146.1390 1107.9127 214.3360 1.5167 1.6391 3.9364 9.0792 0.9229 16.9191 -3.1131 6.9120
Car -1 -1 -0.4044 879.9703 145.4454 1058.3627 206.3485 1.5695 1.6588 3.9899 9.5559 0.8635 19.5214 0.0508 6.4459
Car -1 -1 -1.6865 664.3941 175.8769 718.8339 220.8254 1.6200 1.6534 3.9782 3.0801 1.7472 28.2658 -1.5780 5.6260
Car -1 -1 1.7802 461.9853 187.7856 510.5849 221.8942 1.4670 1.5756 3.5929 -5.8877 2.2182 34.4558 1.6109 5.2940
Car -1 -1 1.7854 492.3924 185.2992 532.2131 211.8176 1.4601 1.5820 3.9635 -5.8946 2.2490 43.6764 1.6512 4.8655
Car -1 -1 2.4116 0.0000 236.7087 85.4565 374.0000 1.5014 1.6466 4.2037 -5.7759 2.1093 4.7260 1.5266 3.5220
Car -1 -1 1.2891 764.9100 138.9589 842.2956 192.8400 2.1522 1.8960 5.0450 8.2414 0.7987 31.3629 1.5460 0.8168
Car -1 -1 1.5131 637.8172 176.5640 663.2103 198.5512 1.5181 1.6138 3.8803 2.8813 1.7980 52.4150 1.5680 0.5301
Car -1 -1 1.4244 381.1345 170.4780 425.6036 201.1774 1.5401 1.6690 4.2380 -11.1025 1.4213 38.4689 1.1434 -0.3256
Car -1 -1 2.2457 0.0000 175.1168 163.7539 305.3233 1.8271 1.7657 4.6490 -10.1155 1.8741 12.5313 1.5665 -0.6947
