Car -1 -1 -1.9044 769.4335 184.4248 1002.8513 336.9517 1.4899 1.5385 3.7321 3.1648 1.6677 9.1964 -1.5730 13.5630
Car -1 -1 3.5998 123.9249 181.7398 372.5666 272.6003 1.5322 1.6044 3.7208 -6.4960 1.7042 13.1271 3.1403 10.0788
Car -1 -1 -1.7460 680.7845 183.4418 749.2954 236.1369 1.4768 1.5378 3.4167 3.1721 1.8350 22.6504 -1.6068 9.6206
Car -1 -1 3.8100 0.0000 186.5841 229.5650 343.7291 1.4666 1.5845 3.6435 -6.3628 1.6295 7.7081 3.1199 8.4931
Car -1 -1 -2.1558 899.5405 194.3499 1241.0000 374.0000 1.4759 1.5577 3.2789 3.1427 1.6592 4.4786 -1.5439 7.0595
Car -1 -1 2.9405 736.7676 179.2826 834.7662 217.8090 1.5368 1.5931 3.7023 7.1908 1.8115 29.9265 3.1763 6.5426
Car -1 -1 3.0657 499.3954 175.2556 560.2409 200.0827 1.7158 1.6822 4.1836 -5.7494 1.8910 51.3129 2.9542 5.3769
Car -1 -1 0.2859 316.0182 182.4935 470.9160 238.5835 1.4771 1.5957 3.8352 -5.9880 1.7565 20.0802 -0.0039 4.9409
Car -1 -1 3.4883 256.1893 175.6238 438.6131 242.0616 1.5513 1.6009 3.8973 -6.3954 1.6228 17.7128 3.1418 4.6206
Car -1 -1 3.3850 194.7438 180.7897 418.4830 258.4159 1.4761 1.6223 4.0250 -6.2057 1.6540 15.0407 2.9937 4.5946
Car -1 -1 0.1854 342.1461 169.6974 486.6464 228.5221 1.7535 1.7137 4.1067 -6.0500 1.6598 22.5182 -0.0771 4.1543
Car -1 -1 -2.9978 478.9428 176.4644 544.9327 201.9759 1.6001 1.6584 4.0044 -6.2928 1.8366 46.3406 -3.1328 3.1320
Car -1 -1 -1.6554 639.9619 162.4474 674.6026 198.4111 2.3473 1.9360 5.2156 3.1667 1.6685 49.7190 -1.5918 0.5786
