Car -1 -1 1.8934 281.2806 185.9302 464.7701 303.5513 1.4691 1.5951 3.7084 -3.5296 1.7081 11.2944 1.5905 14.2818
Car -1 -1 1.7424 396.2480 173.9108 497.7058 260.3472 1.7107 1.6276 3.4663 -3.5616 1.7372 16.0897 1.5246 10.5704
Car -1 -1 -1.8373 691.9709 164.3254 814.2499 247.9246 1.7116 1.7148 4.2387 3.1406 1.5373 16.9531 -1.6541 10.2459
Car -1 -1 -1.9044 752.0020 176.2109 939.5981 296.0020 1.4973 1.5712 3.4883 3.2841 1.5566 10.8899 -1.6115 10.2350
Car -1 -1 1.7321 441.0989 181.1209 510.5899 233.7834 1.5003 1.5926 3.7822 -4.2419 1.7868 23.0595 1.5502 9.2536
Car -1 -1 2.4399 0.0000 187.2664 199.5370 374.0000 1.4825 1.6211 4.0304 -3.4604 1.5772 2.6665 1.5257 3.9404
Car -1 -1 -1.5707 613.1480 169.3240 630.6637 185.9071 1.5481 1.6353 4.0811 1.1262 1.2189 69.4112 -1.5545 1.5962
Car -1 -1 1.6914 501.9078 175.9002 537.0334 203.3866 1.5541 1.6259 3.9423 -5.4067 1.7452 43.2061 1.5669 1.4794
Car -1 -1 -1.5478 478.3024 171.6655 501.2291 192.8166 1.5927 1.6761 4.3913 -9.4248 1.5036 56.6232 -1.7127 1.1974
Car -1 -1 -0.7870 1151.9135 143.5330 1241.0000 273.1987 1.5570 1.6454 4.1138 9.7735 1.2052 9.5087 0.0122 0.6600
Car -1 -1 -1.7490 663.6004 129.3400 737.7628 180.4027 1.4622 1.6083 3.9867 2.7069 0.2165 22.6958 -1.6303 -0.4268
