Car -1 -1 -1.7288 677.3971 174.3096 760.9732 236.9722 1.5286 1.6228 3.9364 2.8161 1.5726 19.6713 -1.5866 11.4630
Car -1 -1 -1.8027 703.6858 177.2013 821.8791 264.9394 1.5065 1.5155 3.3628 2.8342 1.6031 14.2630 -1.6065 11.4145
Car -1 -1 -1.8849 737.7576 162.0374 1001.2967 341.8644 1.6836 1.6957 4.1200 2.7457 1.5826 8.8227 -1.5832 10.6780
Car -1 -1 3.5363 120.3496 174.1033 370.7813 265.2315 1.5390 1.5819 3.7468 -6.5221 1.5637 13.1217 3.0751 9.3281
Car -1 -1 3.7999 0.0000 182.0944 268.3480 325.5039 1.4981 1.6217 3.9116 -6.4063 1.6176 8.4739 3.1525 9.1850
Car -1 -1 -1.7036 647.6954 174.0718 694.7852 209.2038 1.4498 1.5614 3.8659 2.6040 1.5073 31.8804 -1.6221 7.2742
Car -1 -1 -2.8457 332.0935 173.5198 472.3687 224.4400 1.5261 1.6542 3.8920 -6.4499 1.5480 22.5044 -3.1248 7.1438
Car -1 -1 -2.5981 2.0831 180.7052 316.4990 288.7721 1.5019 1.5806 3.7791 -6.7169 1.6302 10.9455 -3.1486 6.4164
Car -1 -1 0.4174 404.1139 172.4139 508.7059 211.7321 1.5859 1.6460 3.9725 -6.4659 1.5685 30.3138 0.2073 5.4983
Car -1 -1 0.3523 170.7095 157.2124 433.1073 247.1601 1.8103 1.7948 4.8739 -6.4972 1.4959 15.5230 -0.0441 4.4521
Car -1 -1 -2.8314 294.9423 180.9360 458.4378 233.5365 1.3693 1.5406 3.9879 -6.3603 1.6000 19.7900 -3.1424 4.1669
Car -1 -1 3.2711 462.6186 171.7799 536.1517 199.2120 1.6004 1.6580 4.1501 -6.5766 1.5381 42.9682 3.1192 3.6897
Car -1 -1 3.9783 0.0000 189.2781 178.7413 374.0000 1.4797 1.6247 3.8544 -6.0976 1.6398 6.1042 3.1935 3.1177
Car -1 -1 -1.6578 635.5301 169.6924 669.6857 198.2083 1.6175 1.6641 4.2201 2.4599 1.4385 43.0585 -1.6008 2.8813
Car -1 -1 -2.9217 460.7660 175.5208 537.2562 202.3352 1.4560 1.6044 3.9688 -6.1988 1.6088 40.2964 -3.0743 1.9519
Car -1 -1 -3.1210 687.4589 162.9390 741.4140 181.8606 1.6223 1.7428 4.6067 9.1153 0.7726 63.0978 -2.9775 1.7647
Car -1 -1 -1.4742 525.1530 161.1034 549.2295 180.6014 1.6413 1.6835 4.2899 -6.3314 0.6525 62.8839 -1.5745 0.2917
