Car -1 -1 1.8134 415.1104 183.8105 483.4776 230.8165 1.4769 1.5367 3.5106 -5.5907 1.8879 25.2683 1.5956 13.1939
Car -1 -1 1.7757 449.5597 182.3963 503.9741 222.3004 1.5164 1.5529 3.4629 -5.5173 1.9367 30.0016 1.5938 10.6573
Car -1 -1 -0.9585 0.0000 191.3118 277.2978 374.0000 1.5771 1.6071 4.1504 -5.8412 1.8525 8.6621 -1.5518 10.4433
Car -1 -1 1.8943 347.8854 187.5383 455.3128 249.6346 1.4535 1.6445 4.0067 -5.6474 1.9002 19.8905 1.6177 9.4118
Car -1 -1 -2.1370 908.7590 182.4402 1241.0000 374.0000 1.4410 1.5418 3.4730 3.0216 1.5194 4.0836 -1.5000 7.9757
Car -1 -1 1.7211 476.8604 182.9330 521.6416 216.0144 1.5026 1.6169 4.1027 -5.5114 2.0355 36.0731 1.5695 5.4491
Car -1 -1 1.4713 661.7634 175.3321 700.3615 206.8824 1.5616 1.6292 3.9284 3.6524 1.6992 37.9865 1.5672 3.4955
Car -1 -1 1.8033 504.7971 180.8583 546.6316 207.4141 1.4743 1.6115 4.0529 -5.0515 1.9799 43.4320 1.6875 2.7177
Car -1 -1 -3.5076 848.4667 150.0895 928.5425 177.5239 1.6472 1.6934 4.2474 16.9695 0.2807 44.1682 -3.1408 0.8728
Car -1 -1 1.7375 487.2412 167.2551 512.4297 184.1097 1.5524 1.6865 4.2520 -10.4545 1.0371 68.5942 1.5863 0.6750
Car -1 -1 -1.9117 962.8391 149.8777 1014.5245 174.7892 1.4411 1.5980 3.7664 22.8400 0.1123 43.7145 -1.4302 -0.5449
Car -1 -1 1.8200 501.7327 181.3572 551.6728 213.3163 1.4602 1.5857 3.8127 -4.1350 1.9086 36.0216 1.7057 -0.6517
