Car -1 -1 1.8270 353.0226 179.1917 492.5911 276.0144 1.5343 1.6174 3.7413 -3.3894 1.6703 13.5569 1.5820 13.5636
Car -1 -1 1.7395 427.8267 170.4890 515.3663 243.3145 1.6785 1.6285 3.4239 -3.4649 1.6243 18.3533 1.5529 12.5392
Car -1 -1 -1.8432 735.1349 170.6206 883.0882 265.9606 1.4796 1.5861 3.7184 3.3667 1.4453 13.0701 -1.5911 10.2439
Car -1 -1 -1.8067 687.3667 159.9177 791.8035 235.8166 1.7922 1.7223 4.4207 3.2631 1.4871 19.2992 -1.6392 9.6820
Car -1 -1 1.7233 458.4172 178.6579 522.0162 225.8887 1.4961 1.6280 3.8467 -4.1532 1.7152 25.2599 1.5603 5.8313
Car -1 -1 -1.0154 0.0000 179.9740 308.3970 374.0000 1.6317 1.6286 3.8342 -3.5601 1.6992 4.8290 -1.6506 5.0081
Car -1 -1 1.6724 511.6841 174.5875 543.7938 198.9987 1.4620 1.6188 3.9666 -5.1738 1.5764 45.4856 1.5591 1.7685
Car -1 -1 -1.4442 488.9090 166.9533 515.4078 186.0425 1.5004 1.6255 4.1584 -8.7752 1.0370 58.8071 -1.5923 1.4081
Car -1 -1 1.5410 615.8527 166.9505 633.7785 182.5957 1.4992 1.6445 3.9805 1.4197 0.9339 71.1378 1.5610 1.2184
Car -1 -1 1.3882 718.1519 143.1000 763.0984 174.0611 1.4886 1.5890 3.6688 6.5188 0.0584 36.5277 1.5648 1.1757
