Car -1 -1 -1.7814 669.0862 182.3749 760.5361 249.9145 1.4995 1.5605 3.5979 2.5132 1.7670 18.3907 -1.6456 12.2326
Car -1 -1 -1.1895 138.5560 194.2376 438.2452 374.0000 1.5133 1.5792 3.8228 -3.1738 1.8042 7.8857 -1.5722 11.8778
Car -1 -1 -1.8158 703.2516 185.4571 841.5608 281.5247 1.4397 1.5532 3.7476 2.7464 1.7041 13.2130 -1.6109 11.5887
Car -1 -1 -1.8765 752.2042 189.1332 1026.5185 368.9247 1.4199 1.5757 3.9827 2.6866 1.6474 8.0619 -1.5549 10.7930
Car -1 -1 -1.4401 471.2735 187.1931 543.1468 247.0435 1.4845 1.5638 3.6668 -2.8930 1.9312 20.6162 -1.5795 7.8801
Car -1 -1 1.5195 633.1390 176.6834 665.9559 205.5341 1.5586 1.6702 4.0816 2.1971 1.7903 41.5598 1.5723 5.2377
Car -1 -1 1.6349 521.7850 180.9214 564.8590 218.2992 1.4884 1.6307 3.8441 -2.8949 1.8629 31.5122 1.5433 4.8231
Car -1 -1 -1.7419 659.0579 175.3260 732.5395 230.1634 1.5775 1.6447 3.9830 2.5876 1.6636 22.9738 -1.6297 3.3245
Car -1 -1 -0.7651 0.0000 190.2174 272.2587 374.0000 1.5127 1.6141 3.7854 -2.9463 1.6232 2.6564 -1.6022 2.5784
Car -1 -1 2.2686 0.0000 108.0060 219.2675 312.9764 1.6829 1.6390 4.1548 -6.3831 1.1508 8.0189 1.5963 2.3664
Car -1 -1 -1.5224 455.3142 156.3218 487.8527 189.5430 1.9604 1.7743 4.5258 -8.6009 0.9852 44.9412 -1.7114 -0.4734
