Car -1 -1 1.1009 848.9879 200.1362 1241.0000 374.0000 1.4781 1.6594 4.4588 3.9214 1.8423 7.3761 1.5895 13.2403
Car -1 -1 -1.8096 757.3578 197.1203 887.9158 292.9104 1.4290 1.5117 3.4167 3.7331 1.9375 13.3720 -1.5374 11.4308
Car -1 -1 -1.7798 728.5714 189.8740 819.3691 260.1177 1.5577 1.5712 3.4450 4.0617 2.0367 18.5622 -1.5643 9.6098
Car -1 -1 1.6734 532.0777 180.4005 580.7426 219.0230 1.5157 1.6906 4.0272 -2.2873 1.8631 31.1463 1.6001 8.9916
Car -1 -1 1.7874 419.1764 185.2549 530.4236 274.6068 1.5608 1.5524 3.2793 -2.6873 1.8430 14.7301 1.6070 8.8800
Car -1 -1 1.8079 274.2182 155.7577 505.8859 344.5153 1.8847 1.7821 4.5465 -2.5817 1.7144 9.4993 1.5426 8.4611
Car -1 -1 -1.7040 681.1003 185.9899 733.2543 227.1881 1.5235 1.6185 3.9306 3.9151 2.1041 29.9022 -1.5738 8.1389
Car -1 -1 -1.7520 697.9307 189.3081 762.0327 236.5948 1.4566 1.5611 3.7402 4.1013 2.0798 25.4228 -1.5921 7.2951
Car -1 -1 -0.9929 826.8879 166.5108 910.6214 203.7959 1.6446 1.6771 4.1808 12.1012 1.3652 33.7546 -0.6487 0.6204
Car -1 -1 1.5766 579.2670 186.5368 606.1524 211.3995 1.4333 1.6329 4.0120 -1.1206 2.3413 45.8381 1.5521 -0.0881
