Car -1 -1 -1.7081 669.2826 182.1887 748.6263 241.8728 1.4597 1.6272 4.2519 2.6404 1.7522 20.4448 -1.5796 10.2284
Car -1 -1 0.2228 335.7232 179.0818 488.3064 234.5814 1.5934 1.6121 4.1953 -5.9368 1.7897 21.8089 -0.0430 7.7258
Car -1 -1 -0.1618 736.4912 182.8366 847.8547 228.7923 1.5400 1.5445 3.6081 6.3213 1.9057 25.4897 0.0813 6.4770
Car -1 -1 0.4551 113.0500 177.1476 396.7171 275.1943 1.5874 1.6604 4.1373 -6.0897 1.6677 12.5924 0.0047 6.0049
Car -1 -1 3.4964 208.0446 179.4752 422.5934 249.4779 1.5574 1.6583 4.4107 -6.9062 1.7230 17.1112 3.1128 5.7883
Car -1 -1 3.8231 0.0000 182.8301 220.4744 362.6454 1.5113 1.6165 3.7983 -6.2015 1.6213 7.0439 3.1013 4.4773
Car -1 -1 3.2696 436.0683 181.6713 524.4151 213.8836 1.4785 1.6288 3.9862 -6.1924 1.9119 34.5259 3.0922 3.7362
Car -1 -1 3.0071 663.0828 178.3639 723.1255 203.2355 1.6636 1.6374 3.9057 5.6396 2.0485 49.4997 3.1206 3.5285
Car -1 -1 -1.5191 512.1285 176.8093 542.1701 203.7665 1.5989 1.6720 4.2008 -5.2206 1.8609 45.5736 -1.6332 2.6933
Car -1 -1 0.4342 133.6992 169.0680 374.0257 252.6876 1.6415 1.6783 4.1768 -7.3293 1.5675 15.0405 -0.0192 2.6882
Car -1 -1 0.3077 312.5950 145.5028 516.0382 229.6389 2.7239 2.0778 6.3487 -6.5753 1.8388 24.5405 0.0459 2.5032
Car -1 -1 3.3986 253.5923 175.7698 420.4562 236.4775 1.5444 1.6491 3.9211 -7.2974 1.6276 19.4708 3.0400 1.0007
Car -1 -1 1.9695 290.1511 151.5953 345.7366 180.5898 1.7300 1.6948 4.2913 -18.2496 0.4619 45.2071 1.5858 -0.2084
Car -1 -1 -1.4415 520.2553 180.8990 551.5558 205.1925 1.5777 1.6592 4.0816 -5.1495 2.1618 50.2858 -1.5436 -0.3157
