Car -1 -1 1.8084 428.9261 186.9835 488.0641 227.0687 1.4895 1.6036 3.5606 -6.2455 2.1105 29.8855 1.6024 11.3946
Car -1 -1 2.2345 0.0000 210.8971 190.3409 374.0000 1.5545 1.5624 3.3497 -6.0335 2.0300 7.3150 1.5448 10.9846
Car -1 -1 1.7649 458.2951 186.4995 505.4934 220.5184 1.5063 1.5789 3.7830 -6.2591 2.2119 35.3810 1.5898 9.4406
Car -1 -1 1.4472 648.3722 171.0800 698.2834 211.0356 1.7340 1.7666 4.3943 2.8300 1.6574 33.5409 1.5314 6.3632
Car -1 -1 -1.0767 163.2284 197.3718 232.9402 231.1155 1.5096 1.5877 3.5387 -20.8829 2.8166 36.6628 -1.5944 5.8249
Car -1 -1 -2.3736 983.2062 174.4764 1241.0000 374.0000 1.5652 1.6085 3.9224 2.8346 1.5753 2.3251 -1.4898 5.2621
Car -1 -1 -1.0450 120.1904 201.1787 191.0829 232.1821 1.3842 1.5449 3.5067 -23.4032 2.9165 37.2418 -1.6060 4.7351
Car -1 -1 -1.0026 70.4209 198.8595 147.1261 231.0868 1.4545 1.5668 3.6048 -25.8851 2.8669 37.3467 -1.6087 4.0748
Car -1 -1 1.7358 488.7720 182.9135 526.4806 209.7312 1.4976 1.6231 4.0880 -6.2096 2.1389 43.9027 1.5953 2.9669
Car -1 -1 -1.8667 816.0433 160.9456 852.6015 180.0346 1.4965 1.6605 4.2695 18.1725 0.5633 58.7009 -1.5665 0.5197
Car -1 -1 -1.9014 860.3628 154.5855 890.4331 169.9535 1.4553 1.5992 3.8850 26.0675 -0.2930 71.0227 -1.5496 -0.4359
