Car -1 -1 -1.8715 734.6795 178.7983 941.7660 325.4575 1.5645 1.5676 3.5598 2.7427 1.6591 9.6379 -1.5943 11.8245
Car -1 -1 -1.6709 668.3272 180.1181 726.1773 228.9522 1.4310 1.5188 3.2439 2.7020 1.6820 23.2604 -1.5552 9.0369
Car -1 -1 0.5197 22.3421 173.2252 352.7031 286.9195 1.5916 1.6199 4.0506 -6.2600 1.5980 10.9151 -0.0010 8.6010
Car -1 -1 0.2827 330.5578 177.5410 481.2422 230.8597 1.4778 1.6350 3.9155 -5.8980 1.6199 20.9770 0.0087 7.6520
Car -1 -1 -0.1700 717.7426 174.7718 830.5803 217.4490 1.6311 1.6574 4.1344 6.3898 1.7099 28.5886 0.0499 7.3121
Car -1 -1 0.6606 0.0000 179.2902 291.6491 333.0876 1.5830 1.6800 4.1645 -6.2063 1.6662 8.3872 0.0235 6.7224
Car -1 -1 0.3351 268.2667 174.0188 447.9562 238.3361 1.5878 1.6163 4.0818 -6.4601 1.6195 18.6505 0.0017 5.3033
Car -1 -1 3.5841 80.2364 172.7121 348.1247 261.7099 1.5281 1.6370 4.0224 -7.1830 1.5261 13.3091 3.0892 4.8733
Car -1 -1 0.4487 156.0309 172.6576 384.2487 250.0414 1.6213 1.6874 4.2674 -7.4515 1.6176 15.9850 0.0125 3.4232
Car -1 -1 0.1947 410.7699 175.9217 509.4857 213.4580 1.5541 1.5847 3.8957 -6.3866 1.6889 30.8144 -0.0096 2.7656
Car -1 -1 1.6888 513.3149 178.3108 546.9065 203.4068 1.4396 1.5987 3.8960 -4.8808 1.7889 44.1908 1.5788 1.7146
Car -1 -1 -1.4527 540.4649 172.9774 563.4665 189.9755 1.5105 1.6382 4.0633 -5.3128 1.5225 66.2060 -1.5328 0.9759
Car -1 -1 -1.6051 630.5324 175.7614 653.0552 196.0978 1.5375 1.6381 4.0519 2.4622 1.7764 57.1614 -1.5621 0.8663
Car -1 -1 3.2580 491.8096 172.9386 550.5490 194.2450 1.5029 1.6346 4.0180 -6.3625 1.5094 51.7280 3.1356 -0.5713
