Car -1 -1 -1.2756 326.3621 186.1818 414.3364 238.4460 1.5131 1.6134 3.7732 -7.4504 1.5474 22.7808 -1.5916 12.0962
Car -1 -1 -1.1255 46.1529 186.5607 391.1731 375.0000 1.5200 1.5603 3.5786 -3.5334 1.5380 7.2207 -1.5806 11.3962
Car -1 -1 -0.9938 42.1560 187.5330 273.5711 288.8522 1.4804 1.6016 3.7283 -7.5638 1.5278 12.4744 -1.5389 8.2795
Car -1 -1 2.2799 0.0000 188.8568 108.0995 282.0076 1.5032 1.5593 3.5031 -11.4318 1.5816 13.4903 1.5769 7.7763
Car -1 -1 -1.3603 412.1114 182.5814 465.4231 218.2787 1.5290 1.6191 3.7031 -7.6422 1.4173 32.6536 -1.5902 6.9604
Car -1 -1 -1.5640 586.0535 181.7175 622.0649 215.5009 1.5486 1.6507 3.9662 -0.2016 1.3893 34.9311 -1.5698 6.8094
Car -1 -1 -1.3961 437.3592 174.3009 528.1576 246.3158 1.7486 1.7300 4.0947 -3.3078 1.4847 19.5040 -1.5641 5.0063
Car -1 -1 -1.2128 291.7875 184.0884 360.2886 219.0524 1.4607 1.5976 3.8148 -12.4651 1.4148 31.9474 -1.5848 3.9262
Car -1 -1 -1.4625 528.4437 166.9710 562.9992 199.8149 2.2115 1.8955 5.1688 -4.3602 0.9841 51.0043 -1.5478 3.0956
Car -1 -1 -1.0064 107.1009 173.8107 245.4206 230.1275 1.4748 1.6090 3.8480 -12.3287 1.1772 20.7672 -1.5422 1.7564
Car -1 -1 -1.2361 435.0256 175.4190 483.8232 201.5456 1.4490 1.6042 3.8670 -8.6096 0.9068 41.8870 -1.4388 -0.3006
