Car -1 -1 -1.0761 72.4753 187.8551 278.3335 279.3955 1.4899 1.6286 4.0898 -8.1071 1.5497 13.8871 -1.6045 9.6731
Car -1 -1 -1.3929 439.2063 183.8390 513.0882 236.7961 1.4836 1.5869 3.7134 -3.9745 1.4462 21.9931 -1.5717 8.9690
Car -1 -1 -1.1983 132.6359 178.1071 445.5690 365.7300 1.5857 1.7024 4.2361 -3.2250 1.5268 8.1919 -1.5734 8.1073
Car -1 -1 1.8748 327.9469 172.3563 418.3048 227.3024 1.7925 1.7760 4.5828 -8.2998 1.3741 25.7459 1.5629 7.1788
Car -1 -1 -1.5367 565.3497 181.8743 608.4780 221.4555 1.5372 1.6597 3.9193 -0.8443 1.4086 29.8795 -1.5649 6.5659
Car -1 -1 -0.8436 0.0000 191.3311 77.6862 290.1951 1.6167 1.6644 4.0521 -12.7138 1.7545 14.0362 -1.5796 6.0928
Car -1 -1 -1.4243 499.2666 179.8469 546.4209 215.5585 1.5909 1.6450 4.0575 -3.9928 1.3529 34.0732 -1.5410 4.6260
Car -1 -1 1.7682 498.3675 179.1779 522.4321 194.5314 1.4688 1.6187 3.8835 -9.5560 0.8923 70.7553 1.6340 0.4815
Car -1 -1 1.6507 603.6469 179.4410 636.2531 208.2340 1.5726 1.5812 3.6626 0.7101 1.2583 41.1580 1.6680 -0.3688
Car -1 -1 -1.5062 535.0396 171.7476 557.9986 194.7665 2.0585 1.8150 4.8627 -5.6533 0.8552 66.7288 -1.5907 -0.6806
