Car -1 -1 -1.1496 117.6962 166.4399 242.5451 231.5645 1.9494 1.8321 4.6031 -14.0552 1.3885 23.9024 -1.6811 10.2065
Car -1 -1 -1.1098 0.0000 187.6492 226.0080 294.0480 1.5034 1.6184 3.9338 -8.2253 1.5532 12.3020 -1.6992 10.1076
Car -1 -1 -1.4494 394.5190 177.9263 480.6378 250.4493 1.6512 1.6805 3.8003 -4.2701 1.4863 18.3420 -1.6781 9.1325
Car -1 -1 -1.3003 270.4595 182.1241 360.3962 232.1907 1.4926 1.6668 4.1934 -9.5052 1.4015 23.6031 -1.6831 8.0553
Car -1 -1 -1.5940 523.5159 176.6626 577.6011 227.7394 1.5357 1.6282 3.8803 -1.9724 1.2796 23.6248 -1.6773 7.9100
Car -1 -1 -1.3650 343.4222 182.0683 398.7443 215.1285 1.4138 1.5929 4.1229 -10.7770 1.2804 32.8757 -1.6817 7.6171
Car -1 -1 -1.0617 0.0000 182.6731 121.6441 272.7173 1.5917 1.6619 4.0518 -12.0051 1.5479 14.8414 -1.7418 4.1304
Car -1 -1 -1.1937 250.3522 182.8146 316.1332 214.2448 1.4551 1.5987 3.9532 -15.8714 1.3450 35.2865 -1.6164 2.6860
Car -1 -1 -1.2602 315.4582 177.7028 361.1832 201.8897 1.4791 1.6063 3.9572 -17.1914 1.0208 45.9702 -1.6181 1.9997
Car -1 -1 -1.4344 451.7015 165.0600 494.9702 204.1112 2.1722 1.8538 4.9829 -7.9009 1.0522 42.5143 -1.6181 1.3480
Car -1 -1 -1.4804 512.4029 178.6846 535.7290 196.5732 1.4295 1.5804 3.7779 -6.8923 0.9087 59.3482 -1.5960 0.0917
Car -1 -1 0.4932 579.1630 170.2734 646.6781 197.1451 1.6672 1.7023 4.0222 0.2989 0.7413 46.3069 0.4996 -0.6929
