Car -1 -1 -1.7888 472.7234 184.3967 522.3815 218.3285 1.5405 1.6417 3.9757 -5.7590 2.1570 36.3675 -1.9459 6.9985
Car -1 -1 3.5118 0.0000 161.7341 237.3444 281.6757 1.8377 1.7597 4.2144 -9.0075 1.6677 12.4383 2.8850 6.3355
Car -1 -1 3.4606 120.7025 179.6598 309.8854 244.1962 1.5359 1.6241 3.9606 -10.0527 1.7222 18.5606 2.9642 5.8829
Car -1 -1 3.4378 53.3941 184.5211 279.9502 261.2506 1.4545 1.5852 3.7906 -9.2492 1.7220 15.2838 2.8936 4.5254
Car -1 -1 -1.9127 523.3161 177.5779 587.9850 219.0731 1.8836 1.7934 4.4345 -2.8005 2.1333 35.6851 -1.9910 2.2506
Car -1 -1 -1.6273 328.0549 181.3527 375.7270 222.4200 1.5197 1.6124 4.1123 -10.7614 1.8973 29.8187 -1.9736 2.2490
Car -1 -1 4.0094 0.0000 194.2842 20.6173 374.0000 1.5063 1.6348 4.0631 -7.7052 1.7122 6.0191 3.1018 2.1841
Car -1 -1 3.3570 170.2052 175.6787 332.8319 235.8881 1.6818 1.6688 4.0919 -10.6203 1.7717 21.5745 2.8995 1.6804
Car -1 -1 0.0230 289.8202 167.4998 344.8460 188.5825 1.5125 1.6031 3.7062 -21.5488 1.1287 53.1662 -0.3621 0.7997
Car -1 -1 2.0835 170.7987 161.3924 213.6162 178.3747 1.4621 1.6105 3.8468 -37.0531 0.4757 64.0520 1.5591 0.0321
