Car -1 -1 1.7201 515.0425 172.6532 591.7955 233.2417 1.6890 1.7487 4.1988 -1.6848 1.6838 22.2693 1.6446 11.8069
Car -1 -1 0.9448 906.1866 200.8988 1241.0000 374.0000 1.4615 1.5416 3.3769 2.8275 1.6685 3.5953 1.6112 9.4260
Car -1 -1 -2.8851 324.1510 175.6168 488.4561 240.1209 1.5524 1.6238 3.7149 -5.1131 1.6259 18.2761 -3.1579 9.3111
Car -1 -1 -1.6932 707.5603 179.0199 780.0021 239.3590 1.5961 1.6256 3.9621 3.8420 1.7976 21.5184 -1.5165 7.6946
Car -1 -1 1.5812 569.6057 178.6908 608.2991 215.8667 1.4593 1.5512 3.7805 -0.9228 1.7245 30.8244 1.5513 3.2697
Car -1 -1 -0.4412 883.8043 171.4624 1136.8520 259.8338 1.6845 1.6870 4.1944 7.9428 1.6584 14.7066 0.0540 2.8402
Car -1 -1 -1.5379 583.7165 169.5537 620.7027 207.6874 1.8294 1.7446 4.3974 -0.3792 1.6714 36.8295 -1.5482 2.3358
Car -1 -1 1.7217 597.1073 175.5334 637.3096 203.3889 1.5125 1.6989 4.3615 0.4406 1.6770 41.9051 1.7322 1.5960
Car -1 -1 -0.2440 627.7855 172.0878 684.6593 194.6217 1.6171 1.6716 3.8749 3.3459 1.5625 52.9478 -0.1809 0.8747
Car -1 -1 -2.4770 0.0000 122.8988 222.7309 236.9256 2.0886 1.9011 5.1281 -10.7443 1.1739 14.2077 -3.1244 0.1810
