Car -1 -1 -2.0369 810.9536 186.3958 1238.8634 374.0000 1.4313 1.5149 3.3678 2.8383 1.5742 5.8924 -1.5880 12.8257
Car -1 -1 -1.7421 688.0061 180.8662 782.1747 252.6433 1.4122 1.5197 3.2621 2.6525 1.6106 16.1968 -1.5798 10.6951
Car -1 -1 1.7150 485.9572 183.8224 531.8861 218.8487 1.5573 1.6598 4.1093 -4.9361 2.1275 35.4262 1.5765 9.5959
Car -1 -1 -1.3523 411.3519 183.6593 497.5931 245.3638 1.5972 1.6767 3.9040 -4.5268 1.9462 21.3202 -1.5615 8.9922
Car -1 -1 -1.2957 278.1289 204.2649 425.6395 310.0624 1.4010 1.5208 3.1246 -4.2216 1.9985 12.1104 -1.6311 7.9084
Car -1 -1 -1.6432 652.5603 179.3643 695.3247 215.9407 1.4898 1.6008 3.8801 2.7407 1.7968 32.0307 -1.5579 6.5353
Car -1 -1 1.6713 520.7208 183.8119 549.6548 206.4414 1.4761 1.6385 4.0721 -5.2836 2.2831 51.0739 1.5682 1.3932
Car -1 -1 1.3270 668.9645 156.4508 699.9461 176.0073 1.5942 1.6672 4.0573 6.2255 0.2574 60.9405 1.4289 0.2479
Car -1 -1 1.6629 550.6047 182.3707 571.0845 198.3538 1.4578 1.6343 3.9272 -4.7686 2.4095 70.1496 1.5950 0.2062
Car -1 -1 -1.1773 682.5388 172.8966 726.0309 195.2982 1.4982 1.6210 3.9513 6.5935 1.5017 50.3772 -1.0472 0.1801
Car -1 -1 1.7079 612.7025 174.1084 638.4804 193.9865 1.7795 1.7618 4.8685 1.4794 1.9015 67.4520 1.7298 -0.5712
