Car -1 -1 1.0780 820.4928 198.3431 1241.0000 374.0000 1.3354 1.5056 3.5777 2.9370 1.6034 5.7683 1.5489 13.4176
Car -1 -1 -2.7295 166.5370 177.8441 382.0122 253.2791 1.5066 1.6012 3.8402 -7.0722 1.6190 15.3571 -3.1611 7.3656
Car -1 -1 0.1349 440.3931 178.4374 523.4832 211.7372 1.5694 1.6021 3.8083 -6.2311 1.8487 35.1735 -0.0404 6.1776
Car -1 -1 0.2904 379.2453 181.0693 498.4836 225.4850 1.5247 1.5995 3.8889 -6.1581 1.8317 26.0144 0.0579 6.1421
Car -1 -1 0.3655 240.7062 173.8458 440.1417 241.5919 1.6023 1.6837 4.3349 -6.6448 1.6286 17.9541 0.0110 5.2649
Car -1 -1 -2.7795 296.3260 176.6119 466.5487 237.9254 1.6346 1.7006 4.2445 -6.3998 1.7458 20.3217 -3.0846 4.4719
Car -1 -1 -1.7677 681.8807 130.6455 830.9665 264.4203 2.4320 2.0313 5.8533 2.9089 1.6650 16.0587 -1.5885 3.3456
Car -1 -1 -1.6226 643.9084 180.7681 682.2284 213.3607 1.3897 1.5697 4.0126 2.3907 1.7826 33.7654 -1.5519 3.2082
Car -1 -1 -3.0071 485.8357 178.9641 548.0840 202.2155 1.5054 1.6180 3.9236 -6.1815 1.9189 47.9652 -3.1352 2.4879
Car -1 -1 0.1576 426.9490 149.1352 527.4030 188.2628 1.9995 1.9161 4.9487 -6.9408 0.7878 37.8862 -0.0236 1.6665
Car -1 -1 2.1078 346.8510 160.1892 403.8648 185.1310 1.4309 1.5909 3.7002 -14.0748 0.7047 43.3732 1.7940 -0.8290
