Car -1 -1 -0.2374 722.1496 182.7482 847.8870 229.4569 1.5462 1.6220 3.9685 5.9617 1.9013 25.0476 -0.0037 8.7738
Car -1 -1 3.7811 0.0000 184.1507 236.0925 346.3357 1.4901 1.6011 3.8845 -6.3907 1.6246 7.6604 3.0858 8.3141
Car -1 -1 3.6355 0.7905 181.0483 351.7052 300.2883 1.5093 1.6138 3.9339 -5.9302 1.6346 10.1274 3.1058 7.5235
Car -1 -1 -0.5088 867.9587 194.3376 1116.0004 282.9292 1.4444 1.5261 3.6708 6.7012 1.8559 12.9819 -0.0323 7.4463
Car -1 -1 0.4531 202.7800 179.3370 425.8772 260.8662 1.5484 1.6251 3.9186 -6.0086 1.6901 14.7925 0.0672 6.0293
Car -1 -1 -0.3956 824.4961 183.8236 1038.2302 261.4039 1.5227 1.6287 3.7875 6.6125 1.7675 15.2369 0.0138 6.0003
Car -1 -1 3.3891 352.7481 182.1448 485.8482 227.1463 1.4739 1.6277 4.1530 -6.5253 1.8045 24.8082 3.1319 5.7567
Car -1 -1 3.3926 301.0534 172.7518 457.2404 236.0783 1.6584 1.6354 3.7985 -6.2888 1.6561 19.8163 3.0853 5.4176
Car -1 -1 0.3751 242.1301 181.0414 443.8175 253.0348 1.6018 1.6695 4.1722 -6.2824 1.8067 17.1361 0.0237 4.9180
Car -1 -1 3.4119 317.8863 182.0097 466.3064 232.5850 1.4799 1.6133 4.1041 -6.6848 1.7737 22.2688 3.1203 4.2643
Car -1 -1 3.3296 413.3764 178.4837 520.5308 217.9811 1.7564 1.7322 4.5968 -6.5599 2.0228 33.2166 3.1346 3.7498
Car -1 -1 -1.5115 527.4437 178.2357 551.9019 199.2578 1.5364 1.6489 4.0385 -5.4329 1.9685 55.8291 -1.6085 1.1420
Car -1 -1 1.6157 544.5754 177.2373 562.8468 192.8557 1.4808 1.6317 3.9747 -5.5726 1.9281 71.5495 1.5379 0.0447
Car -1 -1 1.5416 639.3634 181.5770 667.2454 207.5646 1.5082 1.6207 3.9074 2.6410 2.0786 45.1746 1.6000 -0.7608
