Car -1 -1 -1.8137 712.0821 182.4089 859.4915 293.6489 1.5560 1.5837 3.3645 2.7213 1.7389 12.0805 -1.5922 12.5107
Car -1 -1 -1.6639 661.8627 183.6229 721.8853 235.6611 1.4478 1.5392 3.2099 2.4238 1.8060 22.3571 -1.5559 9.4625
Car -1 -1 -1.3613 389.7353 197.6010 478.9209 262.9690 1.3745 1.5074 3.3682 -4.3660 2.0563 18.1620 -1.5972 8.9380
Car -1 -1 -1.3889 451.5091 183.6760 515.4032 230.4242 1.5814 1.6663 4.1613 -4.7680 2.0250 27.4612 -1.5608 8.1537
Car -1 -1 1.6920 499.1822 185.0013 535.7280 213.9895 1.5161 1.6177 3.9015 -5.2863 2.2452 41.3286 1.5648 5.9789
Car -1 -1 -1.6904 635.3631 180.5868 674.7066 212.0922 1.5476 1.6280 3.8812 2.3091 1.9808 38.4007 -1.6303 4.9407
Car -1 -1 -0.6282 962.7423 171.2844 1241.0000 282.6756 1.6499 1.6397 3.9932 7.9889 1.6270 11.5504 -0.0231 4.1507
Car -1 -1 2.3277 0.0000 184.4633 130.7849 374.0000 1.8078 1.7749 4.6874 -8.3836 1.9885 8.8623 1.5701 2.0526
Car -1 -1 1.7536 449.1773 165.5849 488.7154 192.6445 1.5953 1.6815 4.1005 -8.6947 1.1671 44.5952 1.5611 -0.7580
Car -1 -1 1.5307 661.4817 165.5987 680.9363 182.3413 1.5123 1.6438 3.9213 5.6522 0.8573 67.1651 1.6147 -0.8350
