Car -1 -1 -1.9177 561.4836 186.9906 714.7815 279.5102 1.3738 1.5636 3.9269 0.3023 1.6794 13.4664 -1.8953 10.3591
Car -1 -1 -2.2709 732.5358 125.8544 1241.0000 374.0000 1.8152 1.6981 4.5815 2.7721 1.5723 6.1677 -1.8485 9.3870
Car -1 -1 1.8123 9.5715 196.7645 199.3359 320.3044 1.5166 1.6129 3.8824 -8.0241 1.9766 11.7687 1.2139 8.8970
Car -1 -1 -1.6932 464.1841 184.1401 516.8993 224.4828 1.3935 1.5641 3.7355 -4.7460 1.8643 28.0601 -1.8608 8.8899
Car -1 -1 1.9166 0.0000 204.4056 131.9502 374.0000 1.4814 1.5842 4.0057 -6.2265 1.8884 7.1420 1.1996 5.6145
Car -1 -1 1.7166 280.8890 186.6078 324.1492 215.9488 1.4720 1.6483 4.1467 -17.2229 2.2863 40.4860 1.3144 4.3998
Car -1 -1 -2.8493 643.1044 169.0750 748.4384 207.9927 1.5086 1.5857 3.9877 3.4589 1.3624 29.4869 -2.7325 4.1415
Car -1 -1 -1.6724 453.0744 179.9507 498.6625 218.1167 1.6121 1.6577 4.1419 -6.3266 1.9640 33.5209 -1.8590 3.4531
Car -1 -1 -1.9633 205.0981 177.6383 253.9725 201.0295 1.6207 1.6824 4.1975 -27.8891 1.9843 52.7911 -2.4493 2.7070
Car -1 -1 -0.3560 517.0830 156.4741 580.0998 180.3593 1.4284 1.5587 3.5627 -3.8273 0.4492 44.6136 -0.4415 0.5140
Car -1 -1 -1.1147 260.2100 173.7278 301.0905 191.3378 1.4688 1.6126 4.0184 -28.4542 1.5472 62.4101 -1.5424 -0.8270
