Car -1 -1 -2.0378 798.9082 192.8352 1241.0000 374.0000 1.4704 1.5546 3.9220 2.7638 1.6840 5.7213 -1.5877 13.5419
Car -1 -1 -1.7948 701.1217 185.7630 809.2044 260.2199 1.4327 1.5598 3.9134 3.1368 1.7648 16.5535 -1.6075 11.0732
Car -1 -1 0.6066 0.0000 183.1865 353.0687 312.8251 1.5605 1.6472 4.1908 -5.9281 1.7147 9.7863 0.0620 9.2779
Car -1 -1 3.5819 79.8745 175.0495 359.6600 271.2790 1.5158 1.6129 3.8824 -6.5332 1.5563 12.3023 3.0937 6.1245
Car -1 -1 -1.6932 656.5609 179.1898 700.0544 213.6362 1.5908 1.6661 4.1341 3.3261 1.9272 36.1793 -1.6015 6.0683
Car -1 -1 -2.7367 279.3840 178.9814 453.0181 238.6822 1.5451 1.6421 4.2246 -6.6818 1.7226 19.8623 -3.0612 3.5939
Car -1 -1 0.2159 435.4860 179.3721 537.1483 213.6245 1.5265 1.6676 4.3903 -5.7214 1.8375 33.4448 0.0464 2.8729
Car -1 -1 0.2323 421.8054 172.3473 520.0524 212.5016 1.6834 1.6238 3.8954 -5.9938 1.6626 31.1405 0.0422 2.0723
Car -1 -1 -1.6575 650.1724 179.2525 681.1527 204.7490 1.5605 1.6649 4.1057 3.5708 1.9982 47.2546 -1.5821 1.4263
Car -1 -1 3.5605 155.1892 169.6017 385.5973 254.2434 1.6262 1.6480 3.9228 -6.8417 1.5640 14.7155 3.1253 1.0954
Car -1 -1 1.8141 398.9829 161.9201 434.0437 184.4491 1.7642 1.7299 4.4810 -15.7254 0.9083 58.7546 1.5526 -0.4015
Car -1 -1 1.4243 695.7252 186.3557 726.2603 208.2113 1.4569 1.6373 3.9326 7.2805 2.4768 52.5070 1.5621 -0.4183
