Car -1 -1 -1.8587 710.5994 185.0345 900.0977 308.9690 1.5320 1.6323 3.9180 2.6862 1.5309 10.8765 -1.6166 11.4154
Car -1 -1 -1.1229 37.6370 190.0899 338.7864 364.2047 1.5850 1.6106 3.5589 -4.6123 1.6559 8.4603 -1.6220 11.3247
Car -1 -1 -1.3564 356.0065 188.1499 451.0526 255.1839 1.4943 1.5670 3.5104 -5.0350 1.5761 17.9758 -1.6295 10.8255
Car -1 -1 -1.4279 425.2269 186.9367 487.3439 233.1054 1.4407 1.5378 3.8731 -5.1303 1.5054 24.5568 -1.6339 8.5695
Car -1 -1 -1.5405 557.8289 183.9856 599.1561 221.6480 1.5069 1.6481 3.8608 -1.2299 1.4588 30.6968 -1.5806 8.5492
Car -1 -1 -1.0418 0.0000 178.2044 210.4427 283.9593 1.5956 1.6534 3.9806 -8.9750 1.4910 12.8917 -1.6500 6.5366
Car -1 -1 -1.2146 223.0653 165.7336 352.3003 244.1213 2.0820 1.9098 4.9852 -9.4475 1.5657 21.6310 -1.6264 4.6130
Car -1 -1 -1.4162 449.7530 187.5204 500.3141 222.5751 1.4723 1.6254 4.2005 -5.9773 1.5847 32.5882 -1.5976 1.7911
Car -1 -1 1.7087 485.8641 182.1767 520.6807 206.8145 1.4785 1.6298 4.0060 -6.5376 1.2972 45.1407 1.5649 1.5335
Car -1 -1 -1.6537 544.7079 185.4026 579.7218 213.2471 1.4612 1.5989 4.0363 -2.6001 1.4733 39.8633 -1.7189 1.0323
