Car -1 -1 -1.9033 772.8929 190.1432 988.0833 323.1825 1.3478 1.5148 3.5025 3.2537 1.6183 9.5164 -1.5739 13.6314
Car -1 -1 1.6941 486.5923 168.3825 543.9044 211.7771 1.5194 1.6787 3.8510 -3.5376 1.3632 27.1909 1.5647 13.0945
Car -1 -1 1.8390 298.5701 180.2110 476.3453 308.7922 1.5661 1.5842 3.7347 -3.1783 1.6966 10.8803 1.5548 12.2141
Car -1 -1 -1.8327 722.6976 180.7601 840.5542 263.5629 1.4644 1.5019 3.3313 3.3311 1.6453 14.7763 -1.6110 11.3284
Car -1 -1 1.9698 0.0000 140.1415 407.1547 374.0000 1.6706 1.6932 4.0732 -2.8470 1.5198 5.4325 1.4871 11.0400
Car -1 -1 -1.7701 681.3883 176.0717 756.0983 230.4218 1.4702 1.5386 3.3738 3.1009 1.5739 21.4467 -1.6266 10.5766
Car -1 -1 -1.7473 659.6575 172.3834 722.5936 217.3190 1.4945 1.5939 3.7594 2.7918 1.4792 25.9254 -1.6400 7.9931
Car -1 -1 -2.2693 965.4533 181.8618 1241.0000 374.0000 1.5263 1.5553 3.4505 3.6625 1.6016 4.2704 -1.5604 7.8314
Car -1 -1 0.8644 1047.8476 138.2298 1241.0000 332.6645 1.5440 1.6231 4.0380 6.6797 1.2694 7.7499 1.5758 2.0845
Car -1 -1 -1.0441 822.4208 144.5090 908.6704 184.7139 1.5811 1.6566 3.9405 10.7217 0.4667 30.2783 -0.7038 0.5011
Car -1 -1 -3.1745 718.0875 153.9912 771.5146 173.7970 1.5981 1.7011 4.2631 11.0287 0.0765 59.3793 -2.9909 -0.1023
Car -1 -1 -0.1738 725.4365 158.4991 788.0354 181.3283 1.5203 1.6223 3.9350 9.8799 0.5647 48.9105 0.0255 -0.2246
