Car -1 -1 -1.7426 610.0187 184.3712 713.3695 262.9744 1.5549 1.6425 3.9191 1.0389 1.5393 16.2527 -1.6787 12.9267
Car -1 -1 -1.2349 165.0772 191.7036 330.7343 292.7288 1.4497 1.5205 3.2206 -5.9737 1.5764 12.2177 -1.6896 11.6598
Car -1 -1 -1.3540 309.7743 191.2418 403.9094 252.7294 1.4008 1.5349 3.7330 -6.4452 1.5750 18.6960 -1.6859 11.1391
Car -1 -1 -1.5619 505.7302 183.9224 549.4928 223.1467 1.4009 1.5584 3.6247 -3.0950 1.3559 27.5534 -1.6738 9.3440
Car -1 -1 -1.1245 54.0760 156.9095 239.2184 256.4867 2.0436 1.8498 4.6866 -10.7571 1.4638 17.1821 -1.6839 5.7397
Car -1 -1 -1.4315 417.4308 183.7758 457.8940 211.9324 1.4442 1.6041 3.9068 -9.1746 1.3714 38.8857 -1.6632 5.4055
Car -1 -1 -0.9120 0.0000 206.7158 85.1071 375.0000 1.5457 1.5905 3.9014 -5.1485 1.7406 4.4040 -1.7752 4.8966
Car -1 -1 -1.3929 363.9837 183.7537 431.8075 229.4198 1.5663 1.6808 4.4045 -7.7944 1.5173 26.9300 -1.6747 3.1091
Car -1 -1 -1.4565 493.2294 183.9244 533.1458 214.6346 1.4955 1.6069 3.8428 -4.8368 1.4337 36.9356 -1.5868 2.8015
Car -1 -1 1.4498 543.0805 181.1588 570.1380 200.5380 1.4904 1.6626 4.1555 -4.1404 1.1796 57.4815 1.3779 1.1810
Car -1 -1 -1.2383 264.0666 173.1864 339.3242 212.3514 1.3354 1.5195 3.3335 -11.1154 0.9264 26.2217 -1.6392 0.9653
Car -1 -1 -1.4645 459.0525 177.5041 482.2206 195.0015 1.4774 1.5890 3.8240 -11.9329 0.8274 62.6647 -1.6526 0.2911
Car -1 -1 1.7834 393.5286 176.6646 423.9160 194.4531 1.4526 1.6503 4.1003 -16.8013 0.7555 60.7933 1.5138 -0.3370
