Car -1 -1 1.3715 679.0428 176.4667 766.9922 241.4134 1.5652 1.5985 3.8346 2.9022 1.6733 19.5604 1.5188 9.1527
Car -1 -1 -1.7811 701.1842 164.0916 828.6045 264.8535 1.7351 1.6438 3.9606 2.8699 1.5846 14.4134 -1.5845 7.9548
Car -1 -1 -1.4737 450.2413 183.7153 496.0251 220.6731 1.4500 1.5982 3.8025 -5.9401 1.9531 31.4267 -1.6605 5.1583
Car -1 -1 -1.7168 573.8327 181.1157 605.0653 204.6713 1.4447 1.5440 3.5736 -1.4182 2.0103 47.4732 -1.7467 4.6245
Car -1 -1 -1.7912 634.7768 180.4018 694.7061 221.1687 1.4743 1.5800 3.7972 2.0717 1.7971 28.8242 -1.7194 4.0862
Car -1 -1 -1.4259 91.2794 191.3103 174.4434 249.0742 1.5487 1.6392 3.9208 -15.0173 2.1872 22.8223 -2.0079 3.8378
Car -1 -1 2.3356 0.0000 195.5708 122.1143 374.0000 1.5996 1.6423 3.8219 -7.9782 1.9302 8.5626 1.5856 2.3585
Car -1 -1 -0.0429 555.5101 181.9978 606.5873 202.4186 1.5586 1.6507 3.9585 -2.3331 2.2931 56.9404 -0.0838 2.0383
Car -1 -1 -1.8093 606.7023 179.0380 658.4163 212.6958 1.5236 1.6232 4.0698 1.0102 1.8477 35.6131 -1.7810 0.2051
Car -1 -1 -1.6399 631.0405 169.0597 659.5624 192.0457 1.4814 1.6388 3.9366 2.3035 1.2373 48.4857 -1.5924 -0.3832
