Car -1 -1 -1.9590 795.9414 183.4109 995.5891 306.3427 1.4745 1.5397 3.2987 3.9269 1.6547 10.6139 -1.6047 12.3259
Car -1 -1 1.8148 410.3680 183.1064 501.4785 240.2837 1.4270 1.6236 4.0737 -4.3651 1.7524 20.8112 1.6081 12.3116
Car -1 -1 -1.7964 744.6731 179.8780 857.6028 257.9890 1.4653 1.5460 3.7424 3.9776 1.6375 15.7597 -1.5492 12.2843
Car -1 -1 -2.1900 960.8306 194.6001 1241.0000 374.0000 1.4859 1.5561 3.4474 3.8449 1.6854 4.8436 -1.5190 9.4108
Car -1 -1 -1.7341 715.9301 174.3784 794.5976 233.7893 1.5834 1.6325 3.9435 4.1380 1.6330 21.3234 -1.5424 9.2449
Car -1 -1 1.7802 466.8120 181.2422 529.2077 226.0336 1.4918 1.5572 3.5783 -4.0887 1.8221 26.5445 1.6274 8.9328
Car -1 -1 -1.7376 696.1008 178.1242 758.1641 222.6069 1.4818 1.5988 3.9248 4.1698 1.6899 26.4702 -1.5814 7.0971
Car -1 -1 1.7365 494.1644 181.2814 545.0072 219.4536 1.5219 1.6040 3.7719 -3.9266 1.9129 31.5291 1.6126 7.0743
Car -1 -1 -1.4164 545.8202 177.9086 579.3583 201.7447 1.4878 1.6322 3.9882 -3.1381 1.8386 47.9668 -1.4817 3.1025
Car -1 -1 1.4646 693.5190 180.2266 740.0302 218.5780 1.5130 1.5804 3.7553 4.5006 1.8507 31.1018 1.6083 2.9727
Car -1 -1 -2.7285 374.0514 165.7956 439.3438 187.7852 1.7664 1.7922 4.8434 -16.6743 1.1998 59.1805 -3.0031 1.4865
Car -1 -1 -1.6871 686.5642 173.1749 727.5863 207.0157 1.6534 1.6410 3.9591 4.9223 1.6713 37.2803 -1.5558 0.9910
Car -1 -1 -2.0532 955.1825 175.1422 1027.7325 206.0092 1.4690 1.5898 3.9576 19.2187 1.5917 36.6092 -1.5698 0.8919
