Car -1 -1 3.5640 0.0000 169.7895 276.1246 277.2717 1.7325 1.6966 4.0148 -8.3486 1.6835 12.7782 2.9853 9.1974
Car -1 -1 -2.3237 1071.5820 184.7001 1154.1758 213.1333 1.4747 1.6166 3.9250 28.5751 2.1853 41.1967 -1.7172 9.0242
Car -1 -1 -0.4993 813.9036 193.0189 1163.5674 325.6530 1.4140 1.5529 3.4540 4.3844 1.6833 8.7831 -0.0363 8.4569
Car -1 -1 -0.6511 909.9803 195.9030 1241.0000 374.0000 1.4343 1.5522 3.5753 4.6859 1.6623 6.3251 -0.0135 7.7905
Car -1 -1 3.5806 0.0000 178.6053 211.6473 303.6984 1.5528 1.6024 3.6808 -7.9879 1.6444 10.2515 2.9186 7.4607
Car -1 -1 3.8469 0.0000 184.4226 159.7542 348.7479 1.5249 1.6345 4.1115 -7.4937 1.6649 7.7688 3.0795 7.3725
Car -1 -1 3.3332 186.5852 168.8013 344.1403 231.1764 1.7380 1.6906 3.9685 -10.1326 1.6254 21.4127 2.8912 4.3599
Car -1 -1 0.4552 84.9336 175.4401 323.5562 258.5195 1.6465 1.6656 4.0969 -8.4973 1.7051 15.2937 -0.0519 2.8444
Car -1 -1 3.3754 226.3368 177.7394 363.0083 224.1657 1.4737 1.6100 3.9489 -10.5490 1.6462 24.2793 2.9655 1.0259
Car -1 -1 -1.6125 251.4168 159.5315 278.4688 180.6880 1.4869 1.6185 3.9692 -25.3232 0.5509 52.8384 -2.0594 0.6111
Car -1 -1 1.2253 510.9164 175.1390 561.3816 207.0892 1.8287 1.7146 4.2306 -4.5801 1.9753 43.8989 1.1213 -0.3503
