Car -1 -1 -1.9642 711.1325 195.6976 941.1894 341.9694 1.3946 1.5086 3.5796 2.4772 1.7500 9.3369 -1.7048 11.8850
Car -1 -1 1.9518 0.0000 208.7990 255.4476 374.0000 1.5308 1.5914 3.7683 -5.9801 2.0898 9.2105 1.3759 11.7349
Car -1 -1 -1.7054 584.8275 188.3805 646.4892 236.1756 1.4066 1.5831 3.7503 0.0720 1.9759 24.4705 -1.7025 8.7162
Car -1 -1 -2.9106 789.1374 172.6495 921.9937 219.2626 1.4764 1.5731 4.0340 8.2863 1.4703 24.5837 -2.5855 7.3597
Car -1 -1 1.7287 401.9755 192.7426 444.8125 224.4646 1.5062 1.6324 3.9600 -10.0297 2.6346 38.8738 1.4762 5.5754
Car -1 -1 -1.7013 569.9709 185.8860 621.2174 227.8973 1.5712 1.6387 3.9691 -0.7128 2.1578 30.3645 -1.7247 5.1627
Car -1 -1 2.2323 0.0000 238.9302 99.9256 374.0000 1.4978 1.6059 3.7774 -5.1645 2.1021 4.5895 1.3880 3.5845
Car -1 -1 -1.5139 563.6418 182.0207 586.3954 201.7554 1.4929 1.6160 4.0777 -2.8296 2.2628 58.5256 -1.5622 1.8454
Car -1 -1 0.2454 723.1279 169.1919 822.6700 205.7841 1.4906 1.6205 3.8944 6.9455 1.3418 30.9888 0.4659 1.3230
Car -1 -1 1.5897 1130.5823 162.3230 1241.0000 255.9610 1.4964 1.5794 3.6795 10.7812 1.3285 13.4470 2.2656 -0.3040
