Car -1 -1 -1.2523 156.0045 186.8856 296.9571 264.6016 1.5577 1.6621 4.1016 -8.6709 1.6025 16.6549 -1.7323 11.6899
Car -1 -1 -1.5083 418.0274 182.1482 481.9138 238.8035 1.5451 1.6425 3.5705 -4.6768 1.4626 21.4895 -1.7225 8.5619
Car -1 -1 -1.6633 519.9869 178.9715 587.0624 236.7376 1.6004 1.6682 3.8956 -1.7836 1.4286 21.9752 -1.7443 8.4564
Car -1 -1 -1.0979 46.0851 185.8260 197.1007 253.9441 1.5534 1.6140 3.8602 -12.3050 1.5719 18.4358 -1.6865 8.4316
Car -1 -1 -1.0251 0.0000 193.7704 146.6994 375.0000 1.5298 1.5435 3.5941 -6.8557 1.6485 7.9761 -1.7351 7.9538
Car -1 -1 -1.3537 310.7243 186.8527 377.9800 226.4448 1.4251 1.6331 4.0702 -10.2628 1.4953 28.1724 -1.7030 6.6290
Car -1 -1 -1.3973 356.1026 180.3955 403.2061 212.5802 1.5639 1.6458 4.0049 -11.7109 1.3309 37.0214 -1.7037 3.7469
Car -1 -1 -1.1903 175.0376 165.9673 269.2007 217.6836 1.8203 1.7465 4.1524 -14.6290 1.1440 27.4578 -1.6798 2.4742
Car -1 -1 -1.4957 503.2693 183.5576 526.5529 202.2743 1.4938 1.6123 4.0437 -7.6565 1.3626 59.4318 -1.6238 1.0008
Car -1 -1 -1.5703 402.1433 177.0904 425.9414 198.2343 1.4600 1.5936 3.7218 -13.9335 0.9001 51.6387 -1.8339 0.4868
Car -1 -1 -1.1914 269.8774 184.9588 329.6232 214.8273 1.5442 1.6260 4.0027 -16.7346 1.5320 39.1809 -1.5950 -0.4303
Car -1 -1 -1.4878 566.0463 169.7984 589.1490 187.9914 1.5372 1.6794 4.1827 -2.6150 0.2357 62.8594 -1.5294 -0.8445
