Car -1 -1 1.8639 361.7970 183.9112 477.6722 256.8660 1.5094 1.6364 3.9509 -4.5197 1.8094 17.5417 1.6117 13.1367
Car -1 -1 -1.8469 769.8503 181.9200 926.1642 285.1415 1.4717 1.5524 3.7365 3.8684 1.6529 12.5022 -1.5468 12.1906
Car -1 -1 -1.7680 729.3298 180.0214 822.6524 247.1729 1.4777 1.5752 3.5907 3.9922 1.6755 18.0720 -1.5506 11.9088
Car -1 -1 -2.0883 853.5176 195.6260 1213.0959 374.0000 1.4276 1.5279 3.5337 3.8659 1.7188 7.4189 -1.6079 11.7466
Car -1 -1 1.7875 438.8188 181.5998 514.0101 234.7377 1.5240 1.5945 3.8249 -4.2562 1.8300 23.2696 1.6066 8.6557
Car -1 -1 1.7729 474.6238 182.0977 534.3543 223.5278 1.4763 1.5857 3.9264 -4.1471 1.8689 28.6095 1.6289 7.5858
Car -1 -1 -1.7559 700.0643 180.0340 773.5989 231.0348 1.4656 1.5930 4.1051 3.9607 1.7192 23.3798 -1.5881 6.7646
Car -1 -1 1.4453 692.5829 176.8844 746.1181 222.2435 1.6326 1.6060 3.6349 4.1525 1.8003 28.1275 1.5919 3.2268
Car -1 -1 1.7089 538.4184 178.1872 572.7862 202.7188 1.4220 1.6007 3.9153 -3.3573 1.7676 44.6985 1.6339 2.2420
Car -1 -1 0.4106 337.8115 165.4812 399.7675 187.7098 1.6960 1.6988 4.2426 -18.7461 1.1338 56.0810 0.0880 1.9575
Car -1 -1 -1.6937 721.2056 168.1988 745.4682 185.6052 1.5374 1.6887 4.0759 11.1937 1.1266 65.8011 -1.5252 0.1230
Car -1 -1 1.4618 690.8772 177.5335 736.6550 217.4261 1.7126 1.6753 3.8361 4.6987 1.9421 33.3727 1.6016 -0.1436
Car -1 -1 1.9273 336.6104 153.2798 370.5322 170.4835 1.4997 1.6140 3.9768 -23.2343 -0.2212 65.4486 1.5862 -0.7264
