Car -1 -1 -1.3157 353.2026 181.2153 469.3795 261.1499 1.5967 1.6277 3.7178 -4.3304 1.5179 16.2192 -1.5766 11.2020
Car -1 -1 -0.9838 0.0000 199.6950 316.9310 375.0000 1.4751 1.5366 3.8805 -3.6926 1.6216 5.2542 -1.5964 10.1381
Car -1 -1 -1.3924 455.8837 179.8891 511.5109 220.4648 1.4841 1.5557 3.4032 -4.8047 1.2904 27.9967 -1.5623 9.0129
Car -1 -1 -1.5822 578.9220 172.7664 652.7304 242.0526 1.5838 1.6876 3.9400 0.1291 1.3004 18.4020 -1.5751 8.6103
Car -1 -1 -1.1274 177.1103 185.2402 328.0724 257.7938 1.5649 1.6513 4.2033 -8.5272 1.5667 17.6100 -1.5784 8.5132
Car -1 -1 1.6606 496.8931 178.6237 535.8787 209.5412 1.4633 1.5961 3.8752 -4.5528 1.1525 35.9852 1.5347 6.4833
Car -1 -1 2.1221 99.0069 182.9504 167.7016 207.9287 1.4466 1.6342 3.9885 -28.7358 1.3165 43.6465 1.5399 2.5053
Car -1 -1 -1.1864 273.6026 181.5377 348.7173 219.7623 1.5927 1.6804 4.0794 -13.1294 1.4406 31.9920 -1.5758 2.0045
Car -1 -1 -1.3341 417.1905 166.9151 453.7793 189.6048 1.5535 1.6390 4.0242 -12.2459 0.3016 51.2271 -1.5688 1.4261
Car -1 -1 -2.7717 170.8291 178.9976 317.9896 233.4743 1.6835 1.6759 3.9046 -11.6817 1.4924 23.2320 -3.2376 0.8985
