Car -1 -1 -1.1389 184.9230 171.0645 330.8865 249.3971 1.6969 1.6867 3.9584 -8.3915 1.3915 17.5590 -1.5847 11.7149
Car -1 -1 -1.0260 0.0000 184.1204 323.7980 344.9179 1.5424 1.6156 3.7169 -5.0864 1.5331 8.7652 -1.5518 10.4893
Car -1 -1 -1.5146 574.6207 173.8395 617.8062 211.8830 1.5506 1.6587 4.0486 -0.4791 1.0880 31.3517 -1.5299 7.1271
Car -1 -1 -1.2879 304.6208 184.3570 382.6238 230.1461 1.4190 1.5420 3.4618 -8.7836 1.3935 24.0522 -1.6380 6.9962
Car -1 -1 -1.3594 402.7916 151.0958 507.0473 237.0231 2.2228 1.9068 5.3721 -4.3755 1.3413 21.2861 -1.5621 5.9530
Car -1 -1 -1.4282 485.3016 176.5188 529.8854 207.5499 1.4759 1.6414 4.2667 -5.0273 1.0634 36.3243 -1.5657 5.7949
Car -1 -1 -1.0143 65.0630 180.6325 218.2966 244.1565 1.4795 1.5943 3.7193 -11.9138 1.3739 18.6090 -1.5838 2.1982
Car -1 -1 -1.3537 342.2860 152.1723 468.4495 256.7945 2.1455 1.8812 4.7810 -4.6684 1.4690 17.1709 -1.6191 2.0307
Car -1 -1 1.6899 511.5401 175.2669 542.3568 198.8656 1.5146 1.6042 3.8405 -5.3842 0.8772 48.0607 1.5783 1.4953
Car -1 -1 -1.5373 529.0493 168.7482 550.5881 188.7709 1.6014 1.6434 4.0908 -5.6133 0.2855 59.5824 -1.6312 0.5603
