Car -1 -1 -1.8105 723.9635 177.7819 872.1495 279.1093 1.4980 1.6004 3.9023 3.0868 1.5992 12.8081 -1.5740 13.8898
Car -1 -1 -1.9975 783.4377 185.1946 1176.3619 374.0000 1.4363 1.5510 3.7846 2.7885 1.5813 6.5405 -1.5945 13.2425
Car -1 -1 1.7951 409.4176 180.8992 508.0415 252.5149 1.5423 1.5824 3.7528 -3.6657 1.7629 17.8545 1.5926 12.8639
Car -1 -1 1.9941 69.9960 193.3673 405.6668 374.0000 1.4590 1.5973 3.9521 -3.5848 1.7357 7.7353 1.5602 12.3602
Car -1 -1 -1.7252 696.4250 176.4958 780.4341 242.8106 1.5059 1.5416 3.6247 3.1217 1.6083 18.4045 -1.5572 11.6272
Car -1 -1 1.8287 316.8676 186.0209 465.1357 288.5270 1.5127 1.6100 3.8776 -3.8299 1.7881 13.1081 1.5444 10.6890
Car -1 -1 1.3061 639.1045 177.5383 683.5082 204.3995 1.3899 1.5629 3.5637 2.7523 1.6616 39.8936 1.3750 4.3910
Car -1 -1 2.4604 556.8858 175.1837 600.4572 191.8536 1.5487 1.6423 4.0708 -3.0148 1.7799 69.5429 2.4171 2.4974
Car -1 -1 1.5450 604.4726 173.7463 628.6222 196.8960 1.6878 1.7190 4.4916 0.4359 1.7590 55.0367 1.5529 0.7768
Car -1 -1 -1.9933 410.9250 153.1608 463.6878 179.3756 1.5460 1.6384 4.0887 -10.7647 0.3850 44.6673 -2.2297 0.7358
