Car -1 -1 2.0920 0.0000 205.9116 352.9323 374.0000 1.4673 1.5995 3.6880 -3.6827 1.8354 6.1665 1.5537 13.6478
Car -1 -1 -1.9814 822.6752 186.0844 1189.6410 374.0000 1.5023 1.5467 3.4453 3.1237 1.6557 6.5971 -1.5391 12.4162
Car -1 -1 2.4869 546.6336 185.5169 598.3256 205.3776 1.4724 1.5995 3.9883 -3.0066 2.5208 57.8174 2.4349 6.4758
Car -1 -1 -3.2619 807.8918 178.7180 957.9117 238.3088 1.5510 1.5689 3.7606 7.4735 1.7254 20.2120 -2.9077 5.5396
Car -1 -1 -1.8607 650.4394 187.2786 714.3862 228.7594 1.4392 1.5396 3.4876 2.7169 2.0402 28.1839 -1.7646 5.4016
Car -1 -1 -2.1004 322.9398 150.3113 410.0065 190.2792 1.7057 1.7175 4.4984 -11.1984 0.7440 32.9118 -2.4284 2.1736
Car -1 -1 -1.8270 591.6218 185.9503 633.2001 214.2269 1.5264 1.5934 3.5947 0.0645 2.3368 42.6838 -1.8255 0.9778
Car -1 -1 0.6515 333.8176 185.0454 452.2030 229.4413 1.5023 1.6613 4.0090 -8.0697 1.9790 26.7066 0.3580 0.3118
Car -1 -1 1.5476 628.6359 180.7484 650.9182 201.6915 1.4872 1.5908 3.8705 2.1990 2.1068 54.6519 1.5878 0.1025
Car -1 -1 1.8864 404.7776 183.2371 474.1572 225.2519 1.5757 1.6677 3.9634 -7.0680 2.0389 30.1145 1.6559 -0.5921
