Car -1 -1 -1.7255 682.6731 175.5067 776.3434 249.9600 1.6454 1.6521 4.2986 2.8343 1.7207 18.2456 -1.5714 9.2965
Car -1 -1 1.4007 667.3680 178.4982 736.6342 231.3204 1.5396 1.5959 3.7042 2.8413 1.7372 23.3201 1.5219 7.0307
Car -1 -1 -2.2897 938.3985 182.4485 1241.0000 374.0000 1.5337 1.5893 3.7796 3.0794 1.6039 3.3401 -1.5449 6.8394
Car -1 -1 -1.7308 634.4715 180.5911 681.4890 215.0693 1.4207 1.5369 3.6525 2.0625 1.7895 32.4697 -1.6674 4.8937
Car -1 -1 -1.6709 575.6542 180.5415 603.7753 203.3728 1.5156 1.6208 3.7504 -1.5018 2.0823 51.1827 -1.7003 4.1020
Car -1 -1 -1.4884 470.9398 183.5988 510.2001 215.9803 1.4295 1.5788 3.7816 -5.7941 1.9814 35.0908 -1.6520 3.1162
Car -1 -1 3.1555 530.3005 179.6229 578.4322 198.1617 1.5114 1.6255 3.9668 -4.6686 2.0876 60.4424 3.0784 2.5214
Car -1 -1 -1.8654 712.2898 118.9799 973.1124 321.8758 2.2905 1.9850 5.7552 2.9965 1.6827 11.0486 -1.6005 2.0982
Car -1 -1 1.3505 605.8576 179.2271 649.2663 208.6791 1.4841 1.5879 3.6415 0.8677 1.8474 39.1385 1.3727 1.9244
Car -1 -1 -1.6103 448.4091 179.9530 467.4981 197.0450 1.5581 1.6425 4.0489 -14.7360 2.2659 69.7345 -1.8185 -0.0468
Car -1 -1 1.5193 605.3007 184.3689 635.1004 211.2325 1.5137 1.6260 3.7518 0.5539 2.2497 44.1932 1.5318 -0.7792
