Car -1 -1 -1.0393 0.0000 199.9487 312.8449 375.0000 1.3875 1.4855 3.5574 -4.5417 1.5774 7.4147 -1.5889 12.3989
Car -1 -1 -1.1224 190.2730 183.4705 288.8528 228.5415 1.4038 1.5157 3.6626 -12.3285 1.3506 24.2337 -1.5930 10.9584
Car -1 -1 -1.3034 330.0012 176.2668 461.0299 256.7823 1.5070 1.6433 4.1932 -4.4500 1.3406 15.5566 -1.5820 10.1850
Car -1 -1 -1.5417 585.2638 175.1730 664.2314 252.5700 1.6201 1.6579 3.7480 0.4054 1.4110 16.9584 -1.5179 9.6989
Car -1 -1 -0.9546 0.0000 171.0745 238.7594 272.2212 1.4734 1.6148 3.8634 -8.2692 1.2686 12.4223 -1.5419 7.0583
Car -1 -1 2.0674 174.8216 176.0306 227.2365 197.5512 1.5446 1.6796 4.0459 -30.2889 0.8865 53.6288 1.5533 5.9558
Car -1 -1 -1.3684 430.6443 147.2559 523.9590 228.0946 2.4191 2.0090 5.5430 -4.2747 1.2843 24.3071 -1.5425 2.3378
Car -1 -1 2.1874 53.0083 182.0798 143.9154 211.8072 1.4320 1.6237 4.2657 -25.9411 1.2820 36.7577 1.5728 2.2502
Car -1 -1 -1.5318 537.4150 168.7872 560.7633 192.1691 1.8549 1.7461 4.5689 -4.8192 0.5528 59.3434 -1.6128 2.1932
Car -1 -1 -1.2490 320.5119 179.0938 407.2204 226.4534 1.4907 1.6172 4.0285 -8.2799 1.2992 24.6395 -1.5732 2.0218
Car -1 -1 -1.6200 680.7326 180.6932 701.9982 198.2690 1.4520 1.6107 3.8373 7.0954 1.0795 61.3531 -1.5049 0.7374
Car -1 -1 -2.9941 613.8745 167.6797 655.6384 183.6033 1.5189 1.6501 3.8623 2.6362 -0.1584 69.9664 -2.9564 -0.2620
