Car -1 -1 -2.7450 208.7216 191.8726 412.6445 267.9032 1.5264 1.6033 3.7748 -6.4545 1.9622 15.7042 -3.1350 9.5645
Car -1 -1 -1.8000 674.3386 188.4465 762.1935 251.4820 1.4904 1.5685 3.7219 2.8346 1.9630 19.9304 -1.6587 8.9713
Car -1 -1 -2.4696 0.0000 198.1023 229.7815 340.6641 1.4943 1.5828 3.7361 -6.8918 1.8248 8.6362 -3.1432 8.9274
Car -1 -1 -1.7269 642.4873 189.0664 697.0756 229.6209 1.4485 1.6043 3.9834 2.3259 2.1567 29.4530 -1.6481 8.7575
Car -1 -1 3.6392 0.0000 192.8760 304.4837 306.4305 1.5013 1.6362 4.1109 -7.0497 1.8301 10.8575 3.0633 6.6866
Car -1 -1 3.4211 286.5779 190.6610 442.9005 247.7391 1.4920 1.6174 3.8716 -6.8564 2.0159 20.3144 3.0956 5.1556
Car -1 -1 3.4276 316.4122 186.2351 466.3617 238.4097 1.5527 1.6473 4.2301 -6.8485 1.9903 22.7365 3.1351 5.0453
Car -1 -1 -2.9371 429.5580 190.7819 522.3396 223.1921 1.4167 1.5976 3.9702 -6.1792 2.2656 33.3065 -3.1206 4.8441
Car -1 -1 -2.7997 1053.5958 193.3054 1241.0000 374.0000 1.4687 1.5951 3.7409 6.7459 1.7311 7.2140 -2.0479 4.3435
Car -1 -1 3.4942 242.8082 185.2788 431.1456 250.8795 1.5330 1.6273 4.0846 -6.7525 1.8576 17.9986 3.1353 1.9780
Car -1 -1 1.4911 640.2823 183.6735 675.9068 215.0297 1.5969 1.6523 4.0407 2.5935 2.2303 40.1788 1.5555 -0.2048
