Car -1 -1 -1.2041 172.1221 210.9633 387.3101 350.1394 1.3476 1.4886 3.2247 -4.1720 1.9383 9.5292 -1.6167 11.4763
Car -1 -1 -1.3198 378.7287 185.4893 486.3713 263.3978 1.7196 1.7304 4.0536 -4.4793 2.0819 18.6243 -1.5558 9.7357
Car -1 -1 1.7053 478.0094 186.9907 525.8188 225.7823 1.5803 1.6576 3.6767 -4.8607 2.2554 32.5879 1.5573 9.1130
Car -1 -1 -1.7512 704.0581 182.1011 824.7150 273.9548 1.4451 1.5580 3.4535 2.6788 1.6400 13.4381 -1.5544 8.5935
Car -1 -1 -2.3585 954.8647 132.0939 1241.0000 374.0000 1.6144 1.6148 3.8707 2.9143 1.5726 2.7048 -1.5358 8.2346
Car -1 -1 -1.6816 654.2119 180.8171 702.2532 221.6542 1.5160 1.5526 3.4240 2.6615 1.8575 29.1831 -1.5907 8.1877
Car -1 -1 -1.6782 681.9543 161.4114 707.3744 180.3162 1.4732 1.6175 3.9403 6.7705 0.5819 58.2016 -1.5624 1.6816
Car -1 -1 -3.1604 634.2940 177.4553 677.0111 194.3140 1.5593 1.6288 3.9779 4.2735 1.9998 68.1252 -3.0977 0.5543
Car -1 -1 1.6485 546.8527 185.9953 567.5850 202.8293 1.4477 1.6260 3.8913 -4.8955 2.7047 67.0430 1.5756 0.1694
Car -1 -1 -1.2487 686.5373 176.3443 728.1135 200.0762 1.4775 1.6003 3.7910 6.4257 1.7179 47.5756 -1.1145 -0.6289
