Car -1 -1 -1.9081 477.2982 185.9061 610.1466 267.8356 1.4167 1.5695 3.8341 -1.5760 1.7295 15.2015 -2.0114 11.9253
Car -1 -1 -1.7171 376.9179 180.7158 433.5166 222.4697 1.5109 1.6276 3.8776 -8.3296 1.8502 29.0000 -1.9968 9.6137
Car -1 -1 1.2830 1055.4959 152.0827 1234.9193 239.0338 1.3858 1.6113 3.9686 9.7989 1.0551 13.6355 1.9061 7.7401
Car -1 -1 -2.1890 618.4195 127.5226 1014.0526 374.0000 1.9983 1.8142 4.6102 1.7984 1.6404 8.1759 -1.9725 7.1557
Car -1 -1 1.8038 0.0000 199.5859 82.0013 374.0000 1.5672 1.6546 4.1662 -7.1971 1.9435 7.9219 1.0663 6.5285
Car -1 -1 1.5163 947.9593 142.3221 1044.2047 223.2077 1.4874 1.5608 3.7468 7.9992 0.9263 15.2940 1.9982 5.4080
Car -1 -1 1.7470 0.0000 191.1345 125.0777 313.2097 1.6354 1.6474 3.8580 -9.6100 2.0024 12.3801 1.0869 4.4187
Car -1 -1 -1.5982 370.9828 177.5539 410.4930 213.8910 1.5905 1.6777 4.0023 -10.5085 1.8284 34.3034 -1.8954 3.0813
Car -1 -1 1.8136 180.8645 188.3692 234.1390 218.0340 1.4560 1.6429 4.0541 -22.1894 2.3601 39.8551 1.3056 2.1419
Car -1 -1 2.0451 200.3578 183.7631 257.8179 209.5544 1.4680 1.5755 3.8083 -23.5004 2.1715 44.5951 1.5601 0.9370
Car -1 -1 -2.8455 553.9098 168.5263 650.2809 205.2272 1.5302 1.6023 3.8961 -0.3698 1.3501 31.3959 -2.8573 0.4283
Car -1 -1 -1.9409 98.5009 177.2698 150.7880 200.9783 1.5866 1.6685 4.1454 -34.2521 1.9096 50.8473 -2.5337 -0.2004
Car -1 -1 -0.4423 558.8784 157.7935 611.7787 175.9425 1.5394 1.6747 4.3095 -2.1643 0.2623 62.9289 -0.4767 -0.2970
