Car -1 -1 3.7238 0.0000 186.7419 244.7050 304.3972 1.5061 1.5837 3.7060 -7.5386 1.7221 10.3223 3.0930 10.7698
Car -1 -1 -0.5160 809.0326 189.4598 1180.7498 319.3007 1.4234 1.5444 3.8344 4.5649 1.6505 8.9868 -0.0460 10.4143
Car -1 -1 3.4827 66.9196 174.4994 315.7989 258.1882 1.6107 1.6639 4.1971 -8.6199 1.6483 15.1199 2.9645 7.4100
Car -1 -1 -0.3934 758.6432 187.6890 1012.8360 287.0106 1.4161 1.5427 3.4126 4.1733 1.6678 11.3785 -0.0419 6.9976
Car -1 -1 0.8301 1027.6443 182.2555 1102.1253 209.1696 1.5176 1.6488 3.9090 27.7433 2.1210 44.2010 1.3906 5.6239
Car -1 -1 -1.8634 451.4793 179.1403 493.1080 203.4187 1.5082 1.6327 4.0062 -9.2491 1.9463 48.0887 -2.0534 5.5611
Car -1 -1 3.5881 0.0000 178.1059 263.1428 274.1803 1.5168 1.6399 4.0222 -8.5183 1.6170 12.6159 2.9942 4.5551
Car -1 -1 0.3128 146.4687 169.9293 360.1825 244.4210 1.7189 1.7474 4.4083 -8.6856 1.6517 17.8205 -0.1407 4.2090
Car -1 -1 -1.9446 494.7910 172.8925 546.0905 203.3211 1.9147 1.8441 4.5188 -6.0227 1.9177 47.8306 -2.0699 1.6475
Car -1 -1 1.6728 1136.4451 182.1761 1202.2925 226.1531 1.5320 1.6277 3.9035 21.6613 1.9189 27.9436 2.3322 1.1019
Car -1 -1 1.9380 249.4077 155.3721 292.2632 174.9161 1.4347 1.6235 4.0208 -25.8333 0.1517 55.0295 1.4991 0.2918
