Car -1 -1 -1.4258 445.0667 168.3485 518.7393 228.5255 1.6619 1.6471 3.9191 -3.8348 1.5379 21.9061 -1.5991 11.0514
Car -1 -1 -1.3629 373.5398 176.5502 496.1295 261.8004 1.5445 1.6453 4.4548 -3.6253 1.6358 15.5086 -1.5925 10.3593
Car -1 -1 -1.5723 537.6634 181.5936 748.4122 374.0000 1.4837 1.6046 3.6540 0.2513 1.5952 7.3223 -1.5380 9.1148
Car -1 -1 -1.5514 574.3538 173.4934 649.4631 244.0535 1.5182 1.6213 3.4183 0.0257 1.5354 17.2791 -1.5499 8.8570
Car -1 -1 -1.7565 698.3663 176.8862 770.8309 224.5504 1.4599 1.6294 4.4221 4.1112 1.6108 24.7022 -1.5916 6.5752
Car -1 -1 -1.6735 674.5155 160.0123 726.4726 207.5950 2.0086 1.8408 4.8703 3.9995 1.4669 32.9072 -1.5526 4.5770
Car -1 -1 -1.1945 46.2180 82.2076 442.2654 374.0000 2.3438 2.0029 5.2925 -3.5415 1.6340 8.3219 -1.5969 4.1489
Car -1 -1 -0.3152 500.0171 167.9558 544.8839 184.6813 1.5623 1.6372 3.9446 -8.3841 1.1052 68.9719 -0.4362 2.2982
Car -1 -1 -0.2509 548.6893 170.6382 595.0782 188.7828 1.5481 1.6045 3.7563 -3.3501 1.3594 62.8855 -0.3042 1.2209
Car -1 -1 -1.7205 770.3770 179.0225 923.0092 301.0136 1.5031 1.5914 3.9446 3.3914 1.6166 11.1636 -1.4255 -0.1710
