Car -1 -1 -1.8462 714.4395 199.3528 882.4515 325.2177 1.4643 1.5225 3.3501 2.5807 1.9245 10.8143 -1.6119 12.9078
Car -1 -1 1.8559 285.0473 202.2933 458.7879 320.6202 1.4709 1.6436 3.9490 -3.7559 2.0400 11.9468 1.5513 12.2007
Car -1 -1 -2.0297 812.7454 201.8391 1204.0835 374.0000 1.4828 1.5216 3.3309 2.9643 1.8030 6.2782 -1.5886 12.0812
Car -1 -1 1.7989 398.7372 200.8406 497.5689 273.5337 1.4431 1.5397 3.7535 -3.8827 2.2016 17.6584 1.5825 10.2870
Car -1 -1 1.3821 672.7169 189.4981 782.1022 274.4598 1.6142 1.6730 4.3534 2.5189 2.0527 16.7795 1.5311 9.9067
Car -1 -1 1.7077 471.4842 195.3773 526.7394 241.8049 1.5554 1.5977 3.9826 -4.2872 2.4960 28.1150 1.5564 8.0833
Car -1 -1 -1.7549 659.5376 186.8547 741.0826 250.8756 1.7449 1.7565 4.4451 2.7031 2.2345 22.9347 -1.6376 6.1663
Car -1 -1 -1.7018 652.6833 193.4027 705.2858 239.1023 1.5742 1.5851 3.5917 2.6010 2.4332 28.3197 -1.6102 5.8140
Car -1 -1 1.7405 437.1083 195.1961 507.7699 252.8324 1.5891 1.6261 3.7038 -4.3784 2.3658 23.2027 1.5540 5.7805
Car -1 -1 -2.5371 831.8706 162.2139 898.9940 186.0313 1.4982 1.6163 3.9384 16.7174 0.8293 47.4544 -2.1984 0.7131
Car -1 -1 2.9282 825.7446 169.2932 910.9447 197.9190 1.3796 1.6032 3.7226 12.7219 1.2084 35.8049 3.2696 0.7130
