Car -1 -1 2.2625 0.0000 212.0487 167.7887 374.0000 1.5020 1.5312 3.4042 -6.0294 1.9685 6.8557 1.5412 11.2240
Car -1 -1 -1.7686 718.2251 177.7127 847.8620 269.7971 1.4399 1.5695 3.7976 2.9900 1.5434 13.3974 -1.5490 10.4243
Car -1 -1 -1.2335 302.3828 182.7504 427.8740 260.4033 1.6623 1.6853 4.1195 -5.9960 1.9387 18.0454 -1.5543 8.6105
Car -1 -1 2.6369 898.5632 146.6772 1154.7332 230.0696 1.6861 1.7257 4.4877 8.7267 1.1572 15.4685 3.1505 8.5997
Car -1 -1 1.7950 433.0932 182.9633 495.4922 222.9985 1.4513 1.6172 4.0393 -5.8577 1.8897 29.2241 1.5972 7.7792
Car -1 -1 1.7512 482.1682 180.2114 523.6313 210.4397 1.5304 1.6181 3.5556 -5.8061 1.9490 39.2100 1.6042 6.7272
Car -1 -1 -3.8515 1016.3060 126.4510 1241.0000 282.4513 1.8455 1.7678 4.4630 7.9864 1.2969 9.4333 -3.1489 3.4132
Car -1 -1 1.8970 389.7972 173.8874 445.7973 205.4817 1.5393 1.6354 3.8886 -9.8943 1.5959 37.2765 1.6375 2.8777
Car -1 -1 1.7833 519.7426 179.3603 552.9661 200.4888 1.4479 1.6053 4.0404 -5.3759 1.9435 52.8300 1.6819 1.8076
Car -1 -1 -1.9539 892.8900 153.3735 932.4987 172.9103 1.3953 1.4985 3.4836 22.2772 0.0044 53.2794 -1.5579 1.2226
Car -1 -1 1.7445 463.6623 182.8052 511.3952 217.2913 1.5224 1.6254 3.9279 -5.9074 2.0321 34.9554 1.5771 0.1498
Car -1 -1 -3.4413 797.8712 156.2577 865.8614 180.1968 1.7496 1.7536 4.5111 16.4185 0.5370 53.6139 -3.1441 -0.0469
