Car -1 -1 -1.7459 727.5898 188.6259 817.1843 255.5623 1.4456 1.5528 3.8805 3.9880 1.8929 18.4758 -1.5333 12.5217
Car -1 -1 1.2957 776.2174 188.7712 940.0457 297.2262 1.4896 1.5916 4.0093 4.0289 1.8113 12.5354 1.6066 12.4924
Car -1 -1 2.2044 0.0000 210.7107 312.9966 374.0000 1.4264 1.5130 3.4292 -2.9146 1.7059 3.5680 1.5194 9.9644
Car -1 -1 1.6397 557.7611 178.7933 594.9492 209.6620 1.4385 1.6072 3.9156 -1.6831 1.7544 36.3567 1.5935 7.5292
Car -1 -1 -1.7302 715.1029 181.8913 783.6599 234.0259 1.5149 1.6031 3.6990 4.4020 1.8328 23.4806 -1.5449 7.5052
Car -1 -1 1.7356 481.8691 180.7298 561.8474 245.4511 1.5934 1.6273 3.6379 -2.4006 1.8331 20.0666 1.6165 7.2431
Car -1 -1 1.7211 424.4363 161.6865 547.1916 273.3090 1.9307 1.7858 4.4495 -2.3934 1.7379 14.7118 1.5598 7.0725
Car -1 -1 -0.9684 812.6026 161.9878 882.5289 191.6213 1.5144 1.6064 3.9546 12.7360 0.9594 38.7071 -0.6505 2.8957
Car -1 -1 -2.1944 851.0852 155.0873 1241.0000 374.0000 1.6851 1.6813 3.9756 3.5996 1.5877 6.0166 -1.6552 2.8241
Car -1 -1 1.4384 678.1288 177.4863 716.3142 206.9792 1.5499 1.6205 3.8656 4.8065 1.8226 40.4702 1.5566 1.0903
Car -1 -1 -1.6889 682.5815 177.8073 724.8871 211.9502 1.5479 1.5941 3.8300 4.4769 1.8030 35.1879 -1.5623 0.1453
Car -1 -1 1.3950 728.7606 165.9543 768.3976 192.2375 1.4939 1.6348 4.0141 8.1748 1.1021 43.0240 1.5828 -0.0608
