Car -1 -1 -1.1800 164.0540 191.9200 379.9062 315.1267 1.4292 1.5391 3.5166 -4.6015 1.5431 10.3085 -1.5998 10.2544
Car -1 -1 -1.3646 382.8482 178.0574 479.7697 244.6031 1.5427 1.6464 4.0226 -4.4982 1.3779 18.6965 -1.6007 10.2281
Car -1 -1 -1.5383 574.2107 174.1872 656.0647 254.4817 1.6267 1.6632 3.7114 0.1800 1.4044 16.4495 -1.5273 9.2314
Car -1 -1 -1.0638 105.3806 180.2004 291.2949 265.0714 1.5389 1.6599 3.8974 -8.3299 1.4491 14.9798 -1.5713 8.2899
Car -1 -1 -1.2817 318.9432 166.1418 385.5323 209.8272 1.9582 1.8052 4.4829 -12.1928 1.1044 34.5036 -1.6214 5.6808
Car -1 -1 -1.1473 235.6259 180.2297 322.8766 219.6590 1.3928 1.5565 3.8806 -12.4126 1.2178 27.3319 -1.5736 5.0083
Car -1 -1 2.2900 0.0000 189.8267 94.0676 274.0759 1.5077 1.5948 3.7800 -12.9008 1.6170 14.9641 1.5785 3.7674
Car -1 -1 -1.5930 663.7250 182.2078 684.5529 200.6237 1.4733 1.6232 4.0745 5.4599 1.2338 59.5926 -1.5016 1.2499
Car -1 -1 1.7058 483.2497 175.9187 537.2903 216.4729 1.6020 1.7009 4.3908 -4.1024 1.2359 30.5903 1.5725 0.2225
Car -1 -1 -1.3164 351.7616 185.4908 421.5579 225.8642 1.4356 1.5830 4.1002 -8.4477 1.4481 27.6665 -1.6128 -0.0235
Car -1 -1 1.9081 406.7842 168.3080 438.2139 184.4583 1.5020 1.6646 4.1071 -17.7886 -0.0740 69.1668 1.6563 -0.5831
