Car -1 -1 2.0272 138.4656 191.4898 356.8092 310.5028 1.5489 1.6436 3.8907 -5.7620 1.9084 11.9502 1.5780 13.9717
Car -1 -1 -2.0373 845.7006 183.4459 1241.0000 374.0000 1.5165 1.5941 4.2450 3.2391 1.6333 5.7771 -1.5263 12.3756
Car -1 -1 1.9380 361.6038 185.5706 466.2964 242.9405 1.4346 1.5939 4.0420 -5.6309 1.8431 21.0621 1.6768 12.2945
Car -1 -1 1.3166 713.9695 181.8398 835.7340 262.4992 1.4803 1.6163 3.8245 3.3601 1.6994 15.6173 1.5286 11.1247
Car -1 -1 2.2857 0.0000 206.9866 181.7664 374.0000 1.5514 1.6073 3.8711 -5.6690 1.9388 6.2260 1.5471 10.8138
Car -1 -1 -1.7250 660.8555 177.1501 713.8112 215.9365 1.4780 1.5855 3.9202 3.0966 1.6685 29.9332 -1.6219 10.1168
Car -1 -1 -1.7841 684.8735 180.9415 766.9059 238.0319 1.4850 1.5907 3.8146 3.2645 1.7457 21.2706 -1.6318 9.5063
Car -1 -1 1.7555 475.2202 180.6236 519.9179 211.4529 1.4201 1.5487 3.7389 -5.6032 1.8294 36.0804 1.6015 5.6083
Car -1 -1 1.3938 655.8654 174.6146 703.7869 210.4359 1.6288 1.6465 3.8652 3.2869 1.7195 34.9969 1.4874 3.8093
Car -1 -1 -2.7839 509.4434 173.3565 559.3064 193.0000 1.6111 1.6717 3.8170 -6.3556 1.6545 60.5272 -2.8885 1.9739
Car -1 -1 0.5304 101.4194 181.4329 241.9160 228.7227 1.5562 1.6307 3.8477 -15.0848 1.8625 24.8899 -0.0145 1.6987
Car -1 -1 -1.0085 398.6753 164.2495 459.2686 192.5196 1.7013 1.6969 4.2929 -11.4295 1.1838 45.7225 -1.2535 0.9443
Car -1 -1 1.6923 511.0305 179.1946 546.0123 206.3451 1.4527 1.5607 3.6424 -4.6532 1.8320 41.2868 1.5801 -0.6890
Car -1 -1 0.9651 225.7824 164.4333 335.3808 208.0610 1.4606 1.6034 3.9495 -11.8713 1.1791 25.8503 0.5346 -0.7081
