Car -1 -1 -1.9211 762.2758 182.5443 1104.6506 374.0000 1.4508 1.6309 4.2038 2.7462 1.5783 7.3619 -1.5641 11.7995
Car -1 -1 -0.2827 752.2493 178.6120 865.7633 221.3849 1.3767 1.4723 3.3907 6.5726 1.5762 24.1923 -0.0174 9.7552
Car -1 -1 0.5557 0.0000 160.9862 339.1787 303.3137 1.5742 1.6113 4.1886 -5.7652 1.4433 8.8308 -0.0227 9.0642
Car -1 -1 3.3865 276.8582 170.8297 447.7430 228.9692 1.4428 1.5633 3.9606 -6.4072 1.3929 18.8454 3.0588 8.5622
Car -1 -1 2.7657 780.8199 171.2745 987.3294 239.1773 1.4959 1.6437 4.1718 6.2060 1.4615 16.7589 3.1203 7.8704
Car -1 -1 3.3192 327.6237 170.4047 484.5629 222.7214 1.4673 1.6191 4.2257 -5.9406 1.3989 21.2401 3.0465 7.8102
Car -1 -1 -0.2350 733.1315 172.4849 853.4535 215.7279 1.5320 1.6346 3.9922 6.5926 1.5193 26.3959 0.0097 7.3962
Car -1 -1 0.2303 386.3117 167.2494 508.3221 212.3374 1.5694 1.6546 4.0110 -5.8290 1.3747 25.9584 0.0094 6.8534
Car -1 -1 -0.3805 876.2990 172.6951 1134.2724 263.5831 1.4318 1.5298 3.5452 6.5253 1.4297 12.3136 0.1068 6.6696
Car -1 -1 -0.1639 690.2555 173.2928 770.6087 203.9946 1.5073 1.5918 3.7689 5.9675 1.5302 36.2410 -0.0007 5.2197
Car -1 -1 0.1501 479.3003 168.8821 548.9954 195.5872 1.6133 1.6385 4.0571 -5.8993 1.3737 44.4428 0.0181 3.9000
Car -1 -1 -1.6475 635.3668 171.8971 662.9468 194.1263 1.5073 1.6320 4.0539 2.6991 1.4428 50.9693 -1.5946 3.0307
Car -1 -1 0.5546 0.0000 113.1919 393.5141 275.8095 2.3369 2.0063 6.1640 -6.8603 1.4799 11.4102 0.0133 1.2527
Car -1 -1 3.3098 408.4477 160.4206 513.8858 202.2354 1.7451 1.6992 4.2169 -6.3750 1.2266 31.0314 3.1072 1.0600
Car -1 -1 1.1889 900.8069 166.1594 957.0759 192.5447 1.4683 1.6243 4.0037 18.5320 1.0961 42.1779 1.6029 -0.2370
