Car -1 -1 -2.1849 884.2408 200.6731 1241.0000 374.0000 1.4905 1.5297 3.3977 2.7753 1.7034 3.7993 -1.5540 10.0188
Car -1 -1 3.5978 0.0000 191.2651 333.9044 302.2491 1.5003 1.6035 4.0852 -6.6184 1.8072 11.0424 3.0579 9.1673
Car -1 -1 -0.2558 726.8966 193.2639 861.2962 244.8247 1.4791 1.5830 3.7149 5.5342 2.1291 22.1507 -0.0110 9.0546
Car -1 -1 3.4353 247.6180 184.6573 426.8102 254.5894 1.6408 1.6620 3.9155 -6.8133 1.9546 18.2039 3.0772 8.3354
Car -1 -1 3.7496 0.0000 191.7435 230.4302 337.3439 1.5359 1.5653 3.5686 -6.8449 1.7878 8.7217 3.0842 7.4428
Car -1 -1 3.7044 123.8886 187.5734 372.7016 281.0534 1.5937 1.6452 3.9368 -6.7819 1.8931 13.6363 3.2428 6.9782
Car -1 -1 -0.5233 876.9659 194.2764 1187.7310 296.2992 1.4411 1.5944 3.9590 6.4208 1.8025 11.3442 -0.0083 6.5313
Car -1 -1 -0.3426 816.1356 193.3312 1059.8375 276.1203 1.4729 1.6157 4.0761 6.2702 1.9050 14.2572 0.0718 6.2511
Car -1 -1 -0.5626 922.9609 173.7215 1241.0000 325.0446 1.6864 1.6994 4.1973 6.3190 1.6988 9.0018 0.0494 5.8409
Car -1 -1 -1.6859 634.9423 187.8831 675.4667 220.8229 1.5378 1.6444 4.0397 2.2653 2.3649 37.6266 -1.6258 5.3977
Car -1 -1 4.0216 0.0000 191.8301 171.0186 374.0000 1.5630 1.6550 4.0261 -6.3286 1.7540 6.2450 3.2296 4.6746
Car -1 -1 2.7491 752.2246 188.5152 935.5201 254.0870 1.6324 1.6990 4.3940 6.1854 2.0782 19.4866 3.0564 4.6705
Car -1 -1 0.3230 274.3051 167.7004 457.4722 238.2075 1.9411 1.8225 4.6588 -6.9605 1.7996 20.7736 -0.0004 4.3334
Car -1 -1 0.1740 421.2187 186.2485 515.3634 222.9227 1.5526 1.5965 3.8790 -6.2693 2.1624 31.9909 -0.0195 4.0453
Car -1 -1 -2.9095 448.9095 181.4542 531.4367 212.6516 1.9083 1.8156 4.8813 -7.5950 2.4673 45.7935 -3.0739 2.3385
