Car -1 -1 -2.1098 849.6501 200.5274 1241.0000 374.0000 1.5187 1.5269 3.5676 3.0148 1.7844 5.1260 -1.5781 11.7025
Car -1 -1 1.7489 388.6598 197.6668 486.0472 270.1400 1.4130 1.6069 3.9040 -4.0837 2.0810 17.4200 1.5186 10.9286
Car -1 -1 -1.7457 667.3372 189.7106 766.5630 269.6819 1.5119 1.5584 3.7309 2.2450 1.9381 16.3304 -1.6091 10.8296
Car -1 -1 -1.7299 643.1635 191.3829 716.8227 246.5874 1.4366 1.5964 4.2343 2.0216 2.0678 22.3956 -1.6399 10.7063
Car -1 -1 -1.8467 711.3696 190.0682 867.9019 305.7740 1.5475 1.5875 3.3924 2.7307 1.8732 11.8975 -1.6211 10.1185
Car -1 -1 1.7760 432.5762 194.4532 508.2519 250.1587 1.5101 1.6220 3.7687 -4.3833 2.2536 22.9252 1.5871 9.2592
Car -1 -1 1.7055 480.0039 192.6553 525.0598 228.6262 1.4665 1.5673 3.8201 -4.9615 2.4374 33.4461 1.5582 4.8396
Car -1 -1 -3.3019 744.7118 175.3011 827.1620 202.3540 1.4291 1.5983 4.1518 9.4786 1.5658 39.2413 -3.0649 0.8701
Car -1 -1 -3.1991 754.4421 155.2460 828.0113 184.3288 1.9457 1.7975 4.8054 12.3610 0.7680 49.5989 -2.9548 0.6114
Car -1 -1 -0.9478 0.0000 200.2706 179.2394 364.8563 1.6746 1.6215 3.8291 -7.8724 2.1269 9.9390 -1.6177 -0.3399
