Car -1 -1 -10 347.000000 183.000000 532.000000 313.000000 1.436522 1.606894 3.618264 -2.209307 1.654727 10.513728 -1.476658 2.928493
Car -1 -1 -10 724.000000 182.000000 803.000000 253.000000 1.568666 1.623976 3.199123 3.735811 1.840825 17.867203 -1.440696 2.892427
Car -1 -1 -10 561.000000 174.000000 613.000000 218.000000 1.663916 1.697628 4.238970 -0.852880 1.800622 30.192636 1.674705 2.836182
Car -1 -1 -10 20.000000 184.000000 346.000000 374.000000 1.499274 1.601593 3.466585 -2.847377 1.589194 3.460451 1.594351 2.715387
Car -1 -1 -10 713.000000 185.000000 765.000000 234.000000 1.464133 1.607068 3.801091 4.095937 1.888312 22.544018 -1.435095 2.693142
Car -1 -1 -10 684.000000 177.000000 708.000000 198.000000 1.542017 1.706998 3.999731 6.703876 1.971017 54.576714 1.652654 2.642387
Car -1 -1 -10 398.000000 173.000000 515.000000 217.000000 1.470775 1.577756 3.783549 -5.081809 1.619700 24.113655 -3.003426 2.569610
Car -1 -1 -10 592.000000 177.000000 628.000000 209.000000 1.544039 1.653418 3.821387 0.167731 1.894518 38.182610 -1.349288 2.509151
Car -1 -1 -10 887.000000 211.000000 1230.000000 371.000000 1.455342 1.558215 3.731658 2.396894 1.633061 2.557508 -1.531157 2.323763
Car -1 -1 -10 627.000000 171.000000 647.000000 189.000000 1.520144 1.700723 4.286222 -0.488731 1.177351 1.495631 -2.160784 1.349825
