Car -1 -1 -10 704.000000 186.000000 831.000000 271.000000 1.437143 1.596071 3.455144 2.907815 1.710939 14.095157 -1.600067 2.932674
Car -1 -1 -10 172.000000 173.000000 430.000000 354.000000 1.589458 1.547235 3.629805 -3.159242 1.624828 8.083707 1.509148 2.918662
Car -1 -1 -10 496.000000 172.000000 549.000000 213.000000 1.592948 1.537042 3.531681 -3.418458 1.574506 28.866175 1.596585 2.890351
Car -1 -1 -10 445.000000 179.000000 523.000000 231.000000 1.375087 1.551314 3.846154 -3.470138 1.605367 20.523058 1.559419 2.858611
Car -1 -1 -10 652.000000 178.000000 705.000000 219.000000 1.522672 1.566387 3.736382 2.706923 1.805849 29.401352 1.530258 2.800333
Car -1 -1 -10 526.000000 174.000000 565.000000 203.000000 1.478714 1.538710 3.927387 -3.338727 1.536721 38.127220 1.616329 2.293449
Car -1 -1 -10 871.000000 55.000000 1235.000000 363.000000 1.853644 1.718418 3.874946 2.809429 1.340316 3.876824 -1.556440 1.688822
Car -1 -1 -10 643.000000 180.000000 680.000000 210.000000 1.495629 1.637813 4.060489 2.751731 1.927440 38.522495 -1.558696 1.678864
Car -1 -1 -10 547.000000 175.000000 573.000000 197.000000 1.459879 1.599960 4.133907 -3.315293 1.635426 49.625053 1.546147 1.621876
Car -1 -1 -10 635.000000 179.000000 666.000000 201.000000 1.502092 1.622102 3.596796 2.586767 1.931158 48.497063 1.533725 1.279642
