Car -1 -1 -10 249.000000 199.000000 377.000000 263.000000 1.413265 1.621086 3.720755 -7.439857 2.049388 17.520191 -2.341315 2.920769
Car -1 -1 -10 710.000000 180.000000 801.000000 234.000000 1.367071 1.653043 4.480954 3.871711 1.648898 19.772566 1.583660 2.872145
Car -1 -1 -10 111.000000 193.000000 183.000000 233.000000 1.433453 1.594243 3.999273 -18.400595 2.241719 28.323730 -2.339365 2.847054
Car -1 -1 -10 387.000000 166.000000 647.000000 304.000000 2.037697 1.811114 4.773908 -1.963032 1.937390 12.177836 -2.299974 2.807912
Car -1 -1 -10 310.000000 180.000000 408.000000 217.000000 1.523695 1.627564 3.559821 -11.544104 1.835694 33.261482 -3.246732 2.723080
Car -1 -1 -10 90.000000 191.000000 154.000000 226.000000 1.440287 1.622352 4.261643 -22.448191 2.339305 32.484783 -2.366055 2.480162
Car -1 -1 -10 630.000000 179.000000 698.000000 231.000000 1.411234 1.560126 4.210895 1.531907 1.722101 21.360611 1.651752 2.237384
Car -1 -1 -10 255.000000 186.000000 343.000000 211.000000 1.497810 1.647543 4.587363 -16.385052 2.120397 37.463959 -3.283631 1.786379
Car -1 -1 -10 49.000000 186.000000 84.000000 211.000000 1.484619 1.598677 4.172290 -41.014313 2.542145 53.968864 -2.244741 1.593868
Car -1 -1 -10 774.000000 173.000000 925.000000 224.000000 1.489249 1.618882 4.217198 7.463273 1.475747 22.732649 1.116211 0.857835
