Car -1 -1 -10 722.000000 168.000000 812.000000 237.000000 1.765069 1.746403 4.682943 4.450898 1.674235 20.954222 -1.506986 2.945765
Car -1 -1 -10 0.000000 183.000000 318.000000 374.000000 1.601971 1.660781 3.965753 -4.560066 1.804461 7.301075 1.532337 2.937670
Car -1 -1 -10 264.000000 194.000000 420.000000 300.000000 1.441194 1.595027 3.787186 -4.459895 1.862359 12.295214 1.603024 2.900430
Car -1 -1 -10 364.000000 185.000000 480.000000 260.000000 1.440429 1.615359 3.868341 -4.266353 1.785249 16.781546 1.581408 2.888786
Car -1 -1 -10 549.000000 177.000000 587.000000 203.000000 1.497080 1.709007 4.030641 -2.831169 1.801415 43.601276 1.334422 2.720473
Car -1 -1 -10 706.000000 174.000000 762.000000 214.000000 1.518025 1.628775 3.531525 5.280719 1.671918 32.955719 -1.575260 2.418606
Car -1 -1 -10 698.000000 174.000000 728.000000 205.000000 1.499373 1.610766 3.849448 5.593249 1.603912 38.310875 -1.491540 1.922955
Car -1 -1 -10 2.000000 174.000000 90.000000 226.000000 1.475946 1.576530 3.596270 -16.962334 1.520881 21.224155 3.461052 1.462195
Car -1 -1 -10 605.000000 174.000000 625.000000 190.000000 1.459664 1.478406 3.437070 0.398880 1.638014 70.293419 -4.637552 1.410103
Car -1 -1 -10 569.000000 176.000000 598.000000 199.000000 1.528061 1.577970 4.012596 -1.728550 1.848419 54.328762 -1.717168 1.032807
