Car -1 -1 -10 169.000000 199.000000 364.000000 304.000000 1.502662 1.606335 3.837805 -5.833152 2.025242 12.772141 1.576130 2.930999
Car -1 -1 -10 381.000000 192.000000 464.000000 245.000000 1.432344 1.588231 3.660623 -5.882858 2.090458 23.057886 1.567432 2.917025
Car -1 -1 -10 325.000000 195.000000 425.000000 263.000000 1.455500 1.587054 3.948985 -5.865172 2.074777 18.227852 1.585713 2.912702
Car -1 -1 -10 428.000000 190.000000 493.000000 228.000000 1.413790 1.628117 4.111310 -5.878229 2.142361 29.018192 1.596173 2.854337
Car -1 -1 -10 812.000000 154.000000 944.000000 204.000000 1.466539 1.648339 3.998825 9.303713 1.040841 24.954168 3.171085 2.843465
Car -1 -1 -10 663.000000 177.000000 714.000000 212.000000 1.493518 1.593063 4.083164 3.310869 1.690310 30.939600 -1.599909 2.788407
Car -1 -1 -10 475.000000 187.000000 521.000000 218.000000 1.470989 1.576739 4.047394 -5.607049 2.230933 36.540218 1.638320 2.772810
Car -1 -1 -10 651.000000 178.000000 695.000000 206.000000 1.505232 1.613321 3.527213 3.329223 1.653888 36.151672 -1.554089 2.040093
Car -1 -1 -10 647.000000 179.000000 678.000000 201.000000 1.613171 1.665095 3.500141 3.653819 1.916649 46.092361 1.577070 1.689991
Car -1 -1 -10 1103.000000 142.000000 1216.000000 179.000000 1.479987 1.636493 4.250453 23.370401 0.228542 30.013752 -0.187564 1.685128
Car -1 -1 -10 755.000000 162.000000 862.000000 200.000000 1.497693 1.655683 4.355289 8.611894 1.208830 32.487438 3.044992 1.389699
Car -1 -1 -10 1116.000000 119.000000 1241.000000 364.000000 1.747641 1.583721 3.753201 5.015731 1.204489 3.586268 -0.121715 1.015406
