Car -1 -1 -10 707.000000 171.000000 770.000000 215.000000 1.558037 1.571658 3.514264 4.725065 1.528460 26.957495 -1.600786 2.908196
Car -1 -1 -10 193.000000 185.000000 394.000000 315.000000 1.463081 1.674778 4.192218 -4.526490 1.747885 10.734799 1.577546 2.902135
Car -1 -1 -10 748.000000 163.000000 892.000000 263.000000 1.797904 1.732687 4.729743 4.168473 1.643353 14.922869 -1.518125 2.883822
Car -1 -1 -10 524.000000 173.000000 570.000000 204.000000 1.484323 1.524896 3.793420 -3.125143 1.595792 37.275200 1.670128 2.874897
Car -1 -1 -10 1.000000 204.000000 261.000000 374.000000 1.446256 1.617988 3.765552 -4.640546 1.816227 6.190438 1.584708 2.780746
Car -1 -1 -10 725.000000 177.000000 795.000000 230.000000 1.419786 1.597312 4.223156 4.368310 1.625074 21.259768 -1.548972 2.780156
Car -1 -1 -10 698.000000 171.000000 743.000000 207.000000 1.496771 1.633408 3.745545 4.964504 1.519491 32.121307 -1.540503 2.256390
Car -1 -1 -10 692.000000 170.000000 726.000000 199.000000 1.535315 1.613328 3.691214 5.248390 1.369448 37.603138 -1.599975 1.841074
Car -1 -1 -10 591.000000 170.000000 615.000000 187.000000 1.480427 1.618543 3.705208 -0.868747 1.308994 63.920979 1.867250 1.470984
Car -1 -1 -10 549.000000 173.000000 581.000000 199.000000 1.856655 1.679486 4.581146 -4.376222 1.899689 68.175316 -1.431876 1.279902
