Car -1 -1 -10 677.000000 184.000000 751.000000 238.000000 1.417480 1.620932 3.476755 2.823968 1.770176 20.472589 -1.562303 2.929408
Car -1 -1 -10 782.000000 170.000000 1134.000000 374.000000 1.667210 1.611472 3.489669 2.802168 1.700592 6.676648 -1.607126 2.898914
Car -1 -1 -10 734.000000 174.000000 836.000000 221.000000 1.568286 1.632315 3.602892 6.112305 1.729838 25.492617 0.072639 2.636636
Car -1 -1 -10 633.000000 178.000000 659.000000 199.000000 1.559659 1.636991 3.832105 2.735119 2.063907 54.140915 1.548013 2.558899
Car -1 -1 -10 259.000000 182.000000 467.000000 252.000000 1.475215 1.614031 4.249238 -5.904565 1.797512 18.054058 0.087756 2.552482
Car -1 -1 -10 0.000000 179.000000 271.000000 343.000000 1.675975 1.644086 4.014583 -5.891150 1.728306 8.617218 0.441916 2.540477
Car -1 -1 -10 368.000000 180.000000 492.000000 225.000000 1.549144 1.661536 4.300505 -6.153225 1.762987 22.880276 0.151726 2.291046
Car -1 -1 -10 0.000000 188.000000 148.000000 374.000000 1.452512 1.509709 3.348802 -5.481103 1.769587 5.305177 -0.039326 2.225455
Car -1 -1 -10 404.000000 178.000000 519.000000 212.000000 1.487890 1.603855 3.653091 -6.376562 1.663882 30.444378 -2.992704 2.018703
Car -1 -1 -10 42.000000 185.000000 339.000000 278.000000 1.451224 1.618057 4.163901 -7.228314 1.745838 12.958117 -3.208393 1.769451
Car -1 -1 -10 193.000000 189.000000 414.000000 266.000000 1.480530 1.623319 4.170651 -6.258968 1.753338 15.821466 0.038161 1.695862
Car -1 -1 -10 683.000000 175.000000 733.000000 202.000000 1.496736 1.662361 3.714847 5.216322 1.448905 39.702248 1.504584 1.520109
