Car -1 -1 -10 543.000000 174.000000 669.000000 264.000000 1.447546 1.615977 3.512048 0.096698 1.537278 13.843704 -1.340581 2.947801
Car -1 -1 -10 237.000000 170.000000 559.000000 374.000000 1.542311 1.568784 3.650887 -1.762462 1.574251 7.106518 1.800465 2.914272
Car -1 -1 -10 912.000000 201.000000 1233.000000 374.000000 1.472959 1.549849 3.233720 3.456182 1.708091 5.838882 -1.307660 2.876773
Car -1 -1 -10 834.000000 177.000000 906.000000 239.000000 1.538592 1.626661 3.261759 7.203644 1.751039 20.132326 -1.323862 2.834142
Car -1 -1 -10 690.000000 167.000000 738.000000 207.000000 1.488258 1.558311 3.784643 4.826962 1.509193 32.787300 1.825607 2.673767
Car -1 -1 -10 810.000000 171.000000 835.000000 192.000000 1.542333 1.690029 3.971369 16.327999 1.552990 55.827164 -4.434720 2.580880
Car -1 -1 -10 720.000000 169.000000 753.000000 200.000000 1.555081 1.641019 4.149601 7.258580 1.456843 40.685951 -1.173914 2.394469
Car -1 -1 -10 5.000000 167.000000 299.000000 372.000000 1.485596 1.460906 3.660207 -2.754163 1.607968 2.611830 -1.434386 2.198781
Car -1 -1 -10 554.000000 163.000000 653.000000 227.000000 1.525740 1.528178 3.615486 -0.334906 1.399720 27.686171 -2.898550 2.164870
Car -1 -1 -10 832.000000 177.000000 879.000000 222.000000 1.503443 1.641652 3.795006 8.397948 1.750052 24.625751 -1.290701 1.699509
Car -1 -1 -10 754.000000 164.000000 775.000000 182.000000 1.570796 1.612197 3.952757 11.729324 0.893984 54.078636 4.848208 1.365676
