Car -1 -1 -10 161.000000 197.000000 345.000000 299.000000 1.480665 1.557525 3.474275 -6.090512 1.949358 12.852012 1.600304 2.928583
Car -1 -1 -10 412.000000 177.000000 479.000000 229.000000 1.671313 1.652730 4.023027 -6.041743 1.976398 26.606983 1.570470 2.923584
Car -1 -1 -10 693.000000 178.000000 810.000000 255.000000 1.551698 1.612754 3.820738 2.994346 1.731999 16.343422 -1.616278 2.915533
Car -1 -1 -10 312.000000 194.000000 425.000000 260.000000 1.483797 1.563712 3.799911 -6.039971 2.010693 18.310747 1.616753 2.902536
Car -1 -1 -10 451.000000 179.000000 502.000000 218.000000 1.486509 1.588361 3.980837 -6.145230 1.995247 33.418194 1.570363 2.811240
Car -1 -1 -10 559.000000 179.000000 583.000000 197.000000 1.485946 1.640422 3.949357 -3.361040 2.047751 60.267067 -4.610286 2.117788
Car -1 -1 -10 634.000000 176.000000 656.000000 193.000000 1.505750 1.611660 3.602926 3.191333 1.851320 65.541245 -1.482991 1.971074
Car -1 -1 -10 525.000000 180.000000 550.000000 199.000000 1.478687 1.517948 3.898828 -6.051850 2.170184 59.021259 1.590832 1.871702
Car -1 -1 -10 681.000000 171.000000 750.000000 190.000000 1.490465 1.700117 4.238194 8.626396 1.257768 58.515820 3.118564 1.597322
Car -1 -1 -10 485.000000 182.000000 524.000000 207.000000 1.462171 1.580194 3.525959 -6.170493 2.046872 44.082787 1.616915 1.501614
Car -1 -1 -10 790.000000 168.000000 853.000000 200.000000 1.468170 1.603207 3.781182 10.676754 1.226095 35.786079 -1.400375 1.060407
