Car -1 -1 -10 376.000000 190.000000 499.000000 268.000000 1.504557 1.634392 4.323202 -3.390460 1.472084 14.913757 -1.571292 2.957154
Car -1 -1 -10 236.000000 187.000000 360.000000 254.000000 1.391643 1.627576 3.722747 -7.563478 1.490402 17.899113 -1.587991 2.918027
Car -1 -1 -10 465.000000 185.000000 515.000000 219.000000 1.440363 1.659514 4.061702 -4.926045 1.400445 30.233194 4.679403 2.846949
Car -1 -1 -10 577.000000 179.000000 614.000000 212.000000 1.495973 1.634254 3.941777 -0.621135 1.277220 36.700584 -1.578183 2.718037
Car -1 -1 -10 365.000000 182.000000 414.000000 226.000000 1.495100 1.612491 3.537264 -8.017109 1.411104 27.061375 -1.716607 2.683470
Car -1 -1 -10 205.000000 186.000000 291.000000 230.000000 1.450956 1.581074 3.560669 -12.480953 1.583827 25.463715 -1.536210 2.572381
Car -1 -1 -10 0.000000 188.000000 118.000000 269.000000 1.518663 1.669694 3.959967 -12.336926 1.578322 14.871791 -1.554410 2.441989
Car -1 -1 -10 2.000000 210.000000 172.000000 371.000000 1.472771 1.598125 4.094789 -3.397747 1.696196 2.595216 4.678073 2.169049
Car -1 -1 -10 292.000000 181.000000 356.000000 214.000000 1.545896 1.699402 4.065202 -13.178031 1.297572 32.931984 -1.299484 1.683390
Car -1 -1 -10 407.000000 187.000000 461.000000 218.000000 1.671813 1.652247 4.021123 -8.990425 1.638519 37.396660 -1.685328 0.983846
