Car -1 -1 -10 661.000000 176.000000 725.000000 223.000000 1.564153 1.620106 3.806677 2.846969 1.684957 26.011087 -1.625679 2.943198
Car -1 -1 -10 416.000000 190.000000 483.000000 230.000000 1.472290 1.608743 3.926576 -6.195261 2.139392 27.896547 1.600816 2.922956
Car -1 -1 -10 366.000000 192.000000 447.000000 245.000000 1.478243 1.566349 3.470062 -6.269225 2.127306 22.419628 1.594478 2.905556
Car -1 -1 -10 1052.000000 135.000000 1166.000000 181.000000 1.817693 1.715889 4.517607 24.484867 0.126912 35.455078 1.536074 2.635117
Car -1 -1 -10 24.000000 203.000000 136.000000 244.000000 1.493805 1.658165 3.039673 -20.738195 2.764638 28.830545 -1.574642 2.596128
Car -1 -1 -10 462.000000 180.000000 508.000000 216.000000 1.580573 1.579198 3.981167 -6.234326 2.098436 36.140175 1.484986 2.579322
Car -1 -1 -10 0.000000 206.000000 85.000000 245.000000 1.491719 1.642918 3.683594 -23.588188 2.983619 29.959986 -1.682777 2.153392
Car -1 -1 -10 487.000000 182.000000 523.000000 210.000000 1.524799 1.643650 3.957314 -6.304104 2.196161 42.882553 1.590066 1.920932
Car -1 -1 -10 109.000000 203.000000 199.000000 240.000000 1.483327 1.593747 3.823464 -18.226387 2.693799 29.213137 -1.620627 1.511165
Car -1 -1 -10 628.000000 175.000000 647.000000 190.000000 1.682488 1.728991 4.125506 2.113527 1.580945 53.584690 -1.611853 0.751260
