Car -1 -1 -10 694.000000 182.000000 840.000000 277.000000 1.505905 1.637825 3.991846 2.714497 1.679737 13.198565 -1.614761 2.944258
Car -1 -1 -10 242.000000 184.000000 464.000000 250.000000 1.396652 1.589260 4.255940 -5.917441 1.688118 17.181349 0.062888 2.890482
Car -1 -1 -10 671.000000 178.000000 734.000000 223.000000 1.440479 1.596745 3.803665 3.082792 1.635113 24.056002 -1.609055 2.876043
Car -1 -1 -10 896.000000 207.000000 1241.000000 371.000000 1.470933 1.601516 3.613891 2.985791 1.706600 3.755293 -1.629196 2.580277
Car -1 -1 -10 646.000000 168.000000 683.000000 199.000000 1.577877 1.644994 4.070106 3.373149 1.613618 43.508034 -1.547994 2.570022
Car -1 -1 -10 0.000000 185.000000 328.000000 309.000000 1.596872 1.587620 4.147194 -6.718806 1.742424 11.567636 0.134150 2.498222
Car -1 -1 -10 0.000000 193.000000 200.000000 359.000000 1.499237 1.578445 4.351589 -5.432644 1.716499 6.259432 -4.350787 2.103508
Car -1 -1 -10 435.000000 176.000000 534.000000 213.000000 1.539306 1.620980 3.538360 -4.939173 1.618857 28.130423 -1.562367 1.765153
Car -1 -1 -10 335.000000 169.000000 454.000000 225.000000 1.467257 1.625248 3.938048 -6.195020 1.280498 21.198294 2.020663 1.742768
Car -1 -1 -10 472.000000 173.000000 541.000000 204.000000 1.526856 1.610624 3.543393 -3.950149 1.590829 33.580090 1.664425 1.217347
