Car -1 -1 -10 266.000000 190.000000 461.000000 305.000000 1.450483 1.667616 4.177118 -3.785465 1.850487 11.930620 1.564167 2.935372
Car -1 -1 -10 639.000000 177.000000 682.000000 213.000000 1.519567 1.613779 3.559269 2.257343 1.745125 32.993298 -1.569777 2.934681
Car -1 -1 -10 404.000000 188.000000 504.000000 246.000000 1.441398 1.574214 3.584309 -4.103942 1.901054 19.900776 1.590971 2.902884
Car -1 -1 -10 47.000000 204.000000 290.000000 317.000000 1.396977 1.666097 4.322176 -6.757761 1.978453 11.502443 1.577642 2.790388
Car -1 -1 -10 762.000000 160.000000 899.000000 208.000000 1.551229 1.764656 4.449256 7.956069 1.237239 26.096813 3.141779 2.589696
Car -1 -1 -10 762.000000 160.000000 899.000000 208.000000 1.697830 1.731139 4.633084 8.142990 1.066505 28.998371 -3.020772 2.225789
Car -1 -1 -10 490.000000 182.000000 521.000000 205.000000 1.544899 1.614132 3.885658 -6.987615 2.213249 48.408504 1.618710 1.960271
Car -1 -1 -10 733.000000 165.000000 827.000000 202.000000 1.506677 1.653766 4.363363 7.928637 1.218662 35.207451 0.099747 1.614352
Car -1 -1 -10 452.000000 183.000000 493.000000 206.000000 1.673680 1.631994 3.807066 -11.392979 2.490914 58.700134 -1.675503 1.423096
Car -1 -1 -10 394.000000 189.000000 461.000000 234.000000 1.488105 1.565035 3.592994 -6.977664 2.182751 27.371347 -1.803110 1.367064
Car -1 -1 -10 937.000000 149.000000 1008.000000 178.000000 1.547456 1.641304 3.921972 21.090391 0.300898 42.167198 -2.548132 1.042475
Car -1 -1 -10 903.000000 155.000000 962.000000 178.000000 1.588157 1.643847 3.743262 20.623508 0.462505 45.945541 1.536941 1.002861
Car -1 -1 -10 506.000000 182.000000 537.000000 200.000000 1.568374 1.596868 3.904954 -8.013428 2.385636 65.737877 -1.799198 0.903311
Car -1 -1 -10 672.000000 166.000000 727.000000 186.000000 1.809491 1.674089 3.808946 5.211872 0.952481 42.449028 -1.484159 0.892513
