Car -1 -1 -10 322.000000 180.000000 479.000000 281.000000 1.449322 1.650204 3.589920 -3.636256 1.444441 13.061733 -1.566723 2.951503
Car -1 -1 -10 78.000000 173.000000 286.000000 278.000000 1.615385 1.643920 3.807629 -7.774914 1.462948 13.663973 -1.567423 2.917867
Car -1 -1 -10 482.000000 183.000000 543.000000 224.000000 1.495616 1.640207 4.004086 -3.374838 1.276999 25.456238 -1.586824 2.902221
Car -1 -1 -10 579.000000 177.000000 621.000000 214.000000 1.567256 1.620056 3.697323 -0.299895 1.253559 32.610630 -1.583884 2.739844
Car -1 -1 -10 280.000000 183.000000 384.000000 240.000000 1.435509 1.608783 3.786556 -7.563260 1.446752 20.416391 -1.443190 2.584516
Car -1 -1 -10 1.000000 185.000000 143.000000 263.000000 1.482568 1.483054 3.441566 -12.123352 1.529282 14.710920 1.586978 2.436716
Car -1 -1 -10 442.000000 179.000000 491.000000 207.000000 1.440445 1.612205 3.665644 -7.748064 1.096251 39.421577 -1.590782 2.129365
Car -1 -1 -10 190.000000 179.000000 294.000000 235.000000 1.513904 1.629009 3.946291 -11.504654 1.355668 22.575975 -1.569185 1.698568
Car -1 -1 -10 359.000000 182.000000 401.000000 201.000000 1.487471 1.535528 3.624967 -12.570065 1.108429 39.799686 -1.773260 1.292923
Car -1 -1 -10 251.000000 180.000000 342.000000 223.000000 1.511908 1.601058 3.618838 -12.337767 1.411966 28.883341 -1.712553 1.286008
Car -1 -1 -10 396.000000 182.000000 444.000000 204.000000 1.407227 1.484714 3.561510 -7.481386 1.156720 28.344868 -1.574335 1.224747
Car -1 -1 -10 1.000000 185.000000 38.000000 309.000000 1.495765 1.547976 4.078199 -8.373157 1.671396 7.579193 -1.575928 1.178129
Car -1 -1 -10 392.000000 178.000000 430.000000 198.000000 1.567115 1.625768 3.878755 -17.969877 0.877186 66.108902 -2.862786 0.820049
