Car -1 -1 -10 649.000000 180.000000 709.000000 226.000000 1.468212 1.635763 4.141980 2.344879 1.811709 26.058685 -1.630191 2.935144
Car -1 -1 -10 686.000000 186.000000 793.000000 258.000000 1.424967 1.584811 3.346679 2.849974 1.767987 16.367197 -1.685998 2.929503
Car -1 -1 -10 109.000000 191.000000 385.000000 282.000000 1.427319 1.582177 3.521264 -6.222823 1.742064 12.288802 -3.118296 2.878774
Car -1 -1 -10 259.000000 188.000000 444.000000 245.000000 1.438392 1.645427 4.125220 -6.801044 1.828260 19.258064 -3.044358 2.553890
Car -1 -1 -10 379.000000 182.000000 510.000000 223.000000 1.452339 1.649502 4.447138 -6.469877 1.928406 30.023859 0.189295 2.552530
Car -1 -1 -10 1.000000 196.000000 177.000000 360.000000 1.458518 1.636731 4.022800 -6.939604 1.715221 7.540951 -3.116385 2.345727
Car -1 -1 -10 334.000000 185.000000 468.000000 232.000000 1.535677 1.581757 4.189592 -6.963351 1.857877 24.103947 0.225540 2.210895
Car -1 -1 -10 640.000000 180.000000 680.000000 209.000000 1.473849 1.613582 3.958330 2.572069 1.869913 36.840412 -1.624177 1.840664
Car -1 -1 -10 627.000000 174.000000 655.000000 197.000000 1.492064 1.550978 3.464876 2.449177 1.796762 56.148151 -1.492994 1.398726
Car -1 -1 -10 493.000000 181.000000 543.000000 204.000000 1.555410 1.735928 4.474631 -5.408011 1.911910 43.648998 1.695241 1.261789
