Car -1 -1 -10 662.000000 175.000000 736.000000 237.000000 1.865780 1.746850 4.420294 2.630964 1.915674 22.798250 -1.591750 2.955827
Car -1 -1 -10 875.000000 219.000000 1241.000000 374.000000 1.499617 1.653181 3.777862 2.932071 1.792870 3.786041 -1.629585 2.525483
Car -1 -1 -10 647.000000 181.000000 694.000000 220.000000 1.513975 1.610983 3.639562 2.587129 1.946234 33.712749 -1.590166 2.449348
Car -1 -1 -10 343.000000 182.000000 473.000000 238.000000 1.448412 1.631812 3.808394 -6.372011 1.923623 22.316587 -2.928606 2.443882
Car -1 -1 -10 377.000000 174.000000 504.000000 225.000000 1.885703 1.801110 4.445368 -6.635040 1.978446 29.367632 -0.071520 2.245267
Car -1 -1 -10 206.000000 185.000000 428.000000 263.000000 1.532462 1.637645 4.143320 -5.919413 1.795353 15.169863 -2.567282 1.959845
Car -1 -1 -10 634.000000 180.000000 663.000000 205.000000 1.487214 1.538694 3.514403 2.495177 2.008566 45.734737 -1.515223 1.710926
Car -1 -1 -10 467.000000 178.000000 542.000000 204.000000 1.503775 1.627763 3.717093 -5.309020 1.623722 37.520775 -1.438569 1.549098
Car -1 -1 -10 625.000000 178.000000 654.000000 200.000000 1.522339 1.612391 3.629005 2.293838 2.153756 56.610352 -1.549874 1.522307
Car -1 -1 -10 1.000000 199.000000 167.000000 322.000000 1.522955 1.636327 4.167954 -9.631413 2.035218 12.951256 1.563951 1.185714
