Car -1 -1 -10 454.000000 172.000000 544.000000 243.000000 1.686289 1.650043 4.111222 -2.952330 1.720117 19.645218 1.611747 2.924135
Car -1 -1 -10 703.000000 185.000000 847.000000 292.000000 1.490449 1.575867 3.379776 2.523936 1.733353 12.241166 -1.489210 2.918880
Car -1 -1 -10 764.000000 181.000000 997.000000 372.000000 1.539949 1.628787 3.212183 2.461457 1.716050 7.572561 -1.487643 2.873874
Car -1 -1 -10 103.000000 172.000000 364.000000 260.000000 1.456763 1.689399 4.062894 -6.931237 1.498181 13.330069 -3.126767 2.822455
Car -1 -1 -10 520.000000 179.000000 567.000000 221.000000 1.447329 1.628663 3.821201 -2.600673 1.723060 27.463350 -1.459280 2.786173
Car -1 -1 -10 640.000000 176.000000 671.000000 202.000000 1.502159 1.635083 3.859404 2.776866 1.808511 44.400070 1.554146 2.751303
Car -1 -1 -10 571.000000 169.000000 597.000000 191.000000 1.478061 1.490358 3.482670 -2.406353 1.426449 62.777271 1.591539 1.850115
Car -1 -1 -10 640.000000 171.000000 657.000000 187.000000 1.517214 1.580248 3.695474 3.442940 1.349902 62.414288 -1.420050 1.353626
Car -1 -1 -10 768.000000 187.000000 869.000000 239.000000 1.695290 1.692802 4.276707 6.629239 1.991344 23.291254 -0.746025 1.098896
Car -1 -1 -10 760.000000 186.000000 948.000000 271.000000 1.549541 1.642347 4.136894 4.469501 1.727732 13.083317 -1.874421 0.832548
