Car -1 -1 -10 782.000000 203.000000 1097.000000 373.000000 1.481484 1.595219 3.319556 2.981713 1.750258 7.284511 -1.601999 2.928578
Car -1 -1 -10 395.000000 183.000000 499.000000 218.000000 1.515563 1.629734 3.920989 -6.745237 1.897900 30.775980 -3.135241 2.845611
Car -1 -1 -10 723.000000 175.000000 869.000000 232.000000 1.690431 1.741686 4.349803 6.208793 1.996147 24.950737 3.168025 2.843827
Car -1 -1 -10 85.000000 178.000000 345.000000 288.000000 1.553490 1.695881 3.808662 -6.548666 1.735212 11.978598 -3.192831 2.813854
Car -1 -1 -10 794.000000 188.000000 1043.000000 280.000000 1.403604 1.610803 4.260729 6.275239 1.921614 14.576235 3.114976 2.514379
Car -1 -1 -10 0.000000 171.000000 233.000000 374.000000 1.698994 1.623964 3.927671 -6.084835 1.721511 7.029115 -0.130027 2.441890
Car -1 -1 -10 788.000000 183.000000 956.000000 253.000000 1.538172 1.588283 3.930263 6.500844 1.871292 17.206778 0.097056 2.398313
Car -1 -1 -10 435.000000 180.000000 521.000000 214.000000 1.785775 1.733569 4.103476 -6.447648 1.999068 35.797783 -3.344809 2.229664
Car -1 -1 -10 319.000000 183.000000 453.000000 236.000000 1.542104 1.612314 4.087743 -6.778569 1.892633 21.170168 0.054237 2.157037
Car -1 -1 -10 0.000000 179.000000 82.000000 374.000000 1.478616 1.527630 3.841176 -5.971165 1.676280 4.802977 -0.036042 1.178531
