Car -1 -1 -10 373.000000 182.000000 491.000000 267.000000 1.507209 1.628112 3.538148 -3.603688 1.486619 15.369436 -1.563991 2.961750
Car -1 -1 -10 697.000000 188.000000 798.000000 261.000000 1.410869 1.602278 3.513570 2.950127 1.497216 15.909424 -1.579047 2.955717
Car -1 -1 -10 449.000000 182.000000 522.000000 235.000000 1.515621 1.551268 3.692462 -3.925278 1.422087 23.351408 -1.551439 2.919354
Car -1 -1 -10 146.000000 185.000000 313.000000 263.000000 1.429127 1.595393 3.279807 -7.891281 1.493813 15.466090 -1.580705 2.885031
Car -1 -1 -10 0.000000 196.000000 308.000000 372.000000 1.578421 1.546004 4.057456 -3.556331 1.709810 4.605670 -1.573698 2.827453
Car -1 -1 -10 643.000000 181.000000 687.000000 214.000000 1.477595 1.648837 3.823703 2.608809 1.272992 35.132549 -1.707786 2.815719
Car -1 -1 -10 586.000000 180.000000 612.000000 203.000000 1.482528 1.620214 3.798958 -0.693120 1.063397 51.155090 -1.624073 2.690717
Car -1 -1 -10 338.000000 184.000000 410.000000 227.000000 1.475412 1.615410 3.917234 -8.442090 1.440280 25.792910 -1.693674 2.680315
Car -1 -1 -10 487.000000 182.000000 532.000000 216.000000 1.561672 1.543705 3.418226 -4.588836 1.449291 34.209873 -1.546294 2.235225
Car -1 -1 -10 517.000000 184.000000 549.000000 205.000000 1.501254 1.612933 3.582053 -4.756787 1.373746 46.458122 -1.689776 1.995358
Car -1 -1 -10 618.000000 181.000000 637.000000 196.000000 1.490615 1.563737 3.355130 1.929027 1.072417 69.125961 -1.532278 1.876355
Car -1 -1 -10 534.000000 182.000000 558.000000 201.000000 1.543500 1.619084 3.931599 -4.823803 1.263451 55.897354 -1.724279 1.301212
Car -1 -1 -10 577.000000 182.000000 596.000000 199.000000 1.515552 1.593761 3.852009 -1.707004 1.225210 58.309181 -1.542194 1.144468
