Car -1 -1 -10 16.000000 192.000000 289.000000 330.000000 1.669268 1.620075 3.947124 -6.571469 2.007670 10.809651 1.555853 2.942929
Car -1 -1 -10 459.000000 187.000000 525.000000 235.000000 1.392651 1.658739 4.256712 -4.032000 1.971780 24.997738 1.552188 2.929762
Car -1 -1 -10 335.000000 195.000000 423.000000 246.000000 1.449196 1.575415 3.972505 -6.896806 2.099211 21.697845 1.588435 2.838578
Car -1 -1 -10 497.000000 185.000000 543.000000 217.000000 1.431168 1.490299 3.459291 -4.238401 2.161477 35.767548 1.529813 2.817444
Car -1 -1 -10 628.000000 180.000000 662.000000 205.000000 1.529355 1.613577 3.830835 1.999570 1.873644 43.331074 -1.560600 2.672550
Car -1 -1 -10 710.000000 167.000000 810.000000 203.000000 1.493468 1.709102 4.421623 7.441904 1.508938 36.555645 3.060035 2.481958
Car -1 -1 -10 447.000000 188.000000 496.000000 218.000000 1.517545 1.570876 3.676013 -7.187305 2.344369 36.525127 -1.570746 2.114743
Car -1 -1 -10 1186.000000 156.000000 1241.000000 213.000000 1.405730 1.582079 3.958121 18.376593 1.079683 22.351334 1.813076 1.515033
Car -1 -1 -10 182.000000 186.000000 246.000000 219.000000 1.477944 1.691461 3.769908 -18.297771 1.996797 32.883537 -3.187373 1.438346
Car -1 -1 -10 792.000000 163.000000 842.000000 179.000000 1.478182 1.531414 4.095300 19.387220 0.531222 69.187653 0.962063 0.705038
