Car -1 -1 -10 695.000000 179.000000 828.000000 270.000000 1.435553 1.621816 4.009122 2.638548 1.592547 13.547205 -1.590809 2.959328
Car -1 -1 -10 658.000000 171.000000 708.000000 214.000000 1.509150 1.652253 3.534575 2.813216 1.532254 28.549788 -1.587784 2.851625
Car -1 -1 -10 37.000000 193.000000 374.000000 305.000000 1.417657 1.585669 4.093509 -6.062641 1.743672 10.742975 -3.097726 2.712244
Car -1 -1 -10 180.000000 182.000000 407.000000 263.000000 1.485663 1.577028 3.907216 -6.689012 1.732836 15.985654 0.047511 2.562586
Car -1 -1 -10 379.000000 181.000000 495.000000 223.000000 1.520431 1.617634 3.547282 -5.940055 1.667423 25.265806 -6.237469 2.547118
Car -1 -1 -10 413.000000 178.000000 520.000000 213.000000 1.468977 1.668538 3.982458 -6.383981 1.770182 32.122581 -0.083747 1.882144
Car -1 -1 -10 456.000000 176.000000 534.000000 205.000000 1.529836 1.602792 3.626541 -6.148073 1.701368 38.258995 -0.066748 1.591743
Car -1 -1 -10 292.000000 183.000000 466.000000 230.000000 1.549822 1.727019 4.548232 -6.684446 1.678851 21.833700 -3.079309 1.550185
Car -1 -1 -10 482.000000 175.000000 552.000000 200.000000 1.487333 1.611861 4.201181 -5.769139 1.712136 45.388824 0.577812 1.229555
Car -1 -1 -10 645.000000 173.000000 681.000000 197.000000 1.469861 1.539344 3.576616 2.894699 1.363713 33.644432 -1.565428 1.208596
Car -1 -1 -10 6.000000 200.000000 222.000000 299.000000 1.417262 1.596606 3.738044 -6.243690 1.669138 8.327796 3.271230 1.169042
