Car -1 -1 -10 693.000000 184.000000 806.000000 264.000000 1.396751 1.611706 3.781053 2.728774 1.659155 14.828706 -1.594480 2.923414
Car -1 -1 -10 673.000000 179.000000 725.000000 223.000000 1.429532 1.599000 4.025073 2.985919 1.643174 24.091284 -1.570129 2.853857
Car -1 -1 -10 0.000000 176.000000 319.000000 326.000000 1.523120 1.547465 3.944713 -5.959918 1.628142 8.730474 0.017508 2.819909
Car -1 -1 -10 267.000000 174.000000 445.000000 245.000000 1.635772 1.633211 4.187788 -5.868466 1.624476 16.078714 -0.003410 2.744376
Car -1 -1 -10 647.000000 171.000000 681.000000 199.000000 1.601657 1.558111 3.304328 3.038861 1.546839 42.371552 -1.656343 2.735220
Car -1 -1 -10 551.000000 176.000000 587.000000 203.000000 1.464054 1.599277 3.547039 -2.307186 1.665996 39.142994 1.472566 2.726455
Car -1 -1 -10 348.000000 174.000000 498.000000 230.000000 1.440344 1.586375 4.265075 -5.711814 1.677550 21.545219 0.185217 2.388048
Car -1 -1 -10 414.000000 174.000000 513.000000 215.000000 1.550165 1.668301 3.964071 -6.008922 1.636432 30.415293 -3.203326 2.380267
Car -1 -1 -10 348.000000 174.000000 498.000000 230.000000 1.484555 1.655567 4.270844 -5.921844 1.710762 23.909325 -6.266201 2.359059
Car -1 -1 -10 480.000000 174.000000 548.000000 200.000000 1.484027 1.598602 3.784099 -6.099363 1.663327 46.055172 -3.181248 2.325491
