Car -1 -1 -10 662.000000 180.000000 730.000000 232.000000 1.492303 1.626935 3.561959 2.479576 1.685741 21.755108 -1.595269 2.926376
Car -1 -1 -10 763.000000 183.000000 1195.000000 374.000000 1.484448 1.615721 3.690397 2.485783 1.622750 6.068276 -1.598690 2.879640
Car -1 -1 -10 189.000000 192.000000 490.000000 361.000000 1.474988 1.606240 3.612862 -2.758894 1.732450 8.207665 -1.521234 2.874736
Car -1 -1 -10 639.000000 179.000000 689.000000 213.000000 1.497080 1.659341 4.216259 2.517826 1.889582 34.474045 -1.665063 2.867730
Car -1 -1 -10 532.000000 179.000000 569.000000 214.000000 1.630565 1.659501 3.990757 -2.839937 1.947662 35.598907 -1.600198 2.801371
Car -1 -1 -10 338.000000 187.000000 488.000000 265.000000 1.448985 1.603539 3.745817 -3.361892 1.686520 13.112654 -1.596251 2.562104
Car -1 -1 -10 0.000000 199.000000 346.000000 374.000000 1.516804 1.582761 4.073124 -2.636528 1.730986 3.638759 -1.668473 2.546619
Car -1 -1 -10 632.000000 179.000000 666.000000 206.000000 1.523224 1.565091 3.917627 2.238457 1.822076 40.736786 -1.637094 1.542406
Car -1 -1 -10 348.000000 175.000000 422.000000 279.000000 1.681791 1.546110 3.601933 -5.705077 1.627910 14.728200 1.046233 0.982339
Car -1 -1 -10 553.000000 181.000000 577.000000 204.000000 1.526594 1.687461 3.745007 -3.123399 2.187057 49.558666 -1.534529 0.965669
