Car -1 -1 -10 539.000000 177.000000 620.000000 243.000000 1.582378 1.652653 3.717155 -0.913794 1.453630 19.939953 -1.740165 2.964008
Car -1 -1 -10 79.000000 190.000000 284.000000 292.000000 1.391981 1.624490 3.970498 -6.983428 1.534368 12.348981 -1.732550 2.927395
Car -1 -1 -10 444.000000 180.000000 501.000000 232.000000 1.515852 1.629240 3.606875 -4.572094 1.410605 24.235380 -1.745861 2.893846
Car -1 -1 -10 247.000000 184.000000 352.000000 241.000000 1.392625 1.639259 4.365180 -8.804954 1.463344 20.855637 -1.717712 2.890714
Car -1 -1 -10 348.000000 183.000000 398.000000 218.000000 1.422213 1.617836 4.261500 -10.590988 1.365556 32.622723 -1.714304 2.843994
Car -1 -1 -10 506.000000 182.000000 527.000000 200.000000 1.506691 1.602496 3.583422 -7.510890 1.245536 58.888969 -1.789916 2.540322
Car -1 -1 -10 0.000000 203.000000 73.000000 354.000000 1.443599 1.623475 4.079676 -6.257610 1.698118 5.791344 4.580851 1.473093
Car -1 -1 -10 1.000000 169.000000 90.000000 282.000000 1.909930 1.722539 4.334554 -11.536455 1.586320 13.219242 4.462343 1.458464
Car -1 -1 -10 380.000000 182.000000 414.000000 211.000000 1.519963 1.655792 4.089304 -12.226077 1.385072 41.395145 -1.860510 1.401613
Car -1 -1 -10 143.000000 189.000000 214.000000 216.000000 1.522693 1.645697 3.994326 -12.593181 1.355555 21.755125 -1.864410 1.374402
Car -1 -1 -10 177.000000 189.000000 242.000000 215.000000 1.554183 1.516524 4.200888 -19.729046 1.455734 36.018162 1.429576 1.085677
Car -1 -1 -10 305.000000 183.000000 343.000000 209.000000 1.527898 1.624217 4.051589 -23.764843 1.424616 59.629253 1.456145 1.004926
