Car -1 -1 -10 674.000000 176.000000 757.000000 240.000000 1.513245 1.597825 3.943533 2.509710 1.616489 18.548824 -1.585686 2.930226
Car -1 -1 -10 2.000000 190.000000 305.000000 373.000000 1.550804 1.590820 3.828763 -4.423103 1.785733 6.866126 1.553156 2.916423
Car -1 -1 -10 801.000000 192.000000 1142.000000 374.000000 1.448062 1.586656 3.363255 2.809176 1.616416 6.577920 -1.579538 2.914875
Car -1 -1 -10 440.000000 177.000000 507.000000 225.000000 1.437410 1.566573 3.856711 -4.748238 1.738455 25.243828 1.545565 2.890780
Car -1 -1 -10 739.000000 179.000000 915.000000 304.000000 1.476272 1.557197 3.384320 3.020193 1.648810 10.971375 -1.575226 2.878070
Car -1 -1 -10 660.000000 176.000000 723.000000 224.000000 1.529998 1.588905 3.644056 2.694422 1.626437 24.917364 -1.590976 2.874089
Car -1 -1 -10 472.000000 173.000000 521.000000 215.000000 1.789897 1.585681 3.732846 -4.776337 1.718547 30.767296 1.526091 2.473706
Car -1 -1 -10 649.000000 174.000000 689.000000 210.000000 1.452954 1.534762 3.841750 2.549224 1.561346 33.405777 1.525725 2.398255
Car -1 -1 -10 190.000000 174.000000 350.000000 232.000000 1.470483 1.541729 3.841760 -9.447042 1.583265 20.562984 0.039853 2.252119
Car -1 -1 -10 497.000000 172.000000 536.000000 207.000000 1.728173 1.641208 4.110056 -4.500860 1.675901 36.324390 1.634566 2.116972
