Car -1 -1 -10 601.000000 176.000000 679.000000 249.000000 1.552012 1.659050 3.419784 0.857745 1.383675 17.541224 -1.489756 2.925547
Car -1 -1 -10 136.000000 185.000000 399.000000 322.000000 1.455826 1.641703 4.200323 -4.364226 1.480787 9.945152 -1.580215 2.905961
Car -1 -1 -10 60.000000 182.000000 195.000000 247.000000 1.403310 1.623332 3.469109 -12.277389 1.405669 18.769657 -1.566991 2.873766
Car -1 -1 -10 650.000000 180.000000 689.000000 208.000000 1.526775 1.620203 3.865939 3.842658 1.182057 41.619869 -1.334792 2.252086
Car -1 -1 -10 0.000000 186.000000 71.000000 309.000000 1.487966 1.622498 3.961265 -8.184138 1.668293 8.288308 1.555591 1.929576
Car -1 -1 -10 717.000000 182.000000 748.000000 200.000000 1.457758 1.595058 4.151397 11.339868 1.252504 64.125229 -1.118898 1.678886
Car -1 -1 -10 153.000000 172.000000 224.000000 199.000000 1.485207 1.547292 3.930411 -23.128309 0.768489 39.506416 1.037200 1.361889
Car -1 -1 -10 240.000000 177.000000 326.000000 215.000000 1.601359 1.702608 4.141400 -12.180850 1.073250 26.109921 -1.613982 1.306623
Car -1 -1 -10 449.000000 167.000000 541.000000 207.000000 1.559533 1.647666 4.188614 -3.869154 0.774063 25.921158 -1.595306 1.185403
Car -1 -1 -10 320.000000 178.000000 372.000000 221.000000 1.449502 1.519055 3.590784 -8.931715 1.321045 24.962629 -1.837618 1.144716
Car -1 -1 -10 617.000000 167.000000 654.000000 194.000000 1.774566 1.608244 4.062328 2.438432 0.264022 63.324139 0.167647 1.055873
Car -1 -1 -10 487.000000 175.000000 537.000000 202.000000 1.488666 1.661145 3.864690 -8.416541 1.041438 63.708538 -1.499343 1.010745
