Car -1 -1 -10 39.000000 168.000000 417.000000 373.000000 1.614992 1.639711 3.675148 -3.195426 1.558732 6.879766 -1.562599 2.916079
Car -1 -1 -10 454.000000 177.000000 528.000000 238.000000 1.506948 1.653587 3.771466 -3.256971 1.414015 21.359631 -1.575673 2.897618
Car -1 -1 -10 557.000000 178.000000 613.000000 231.000000 1.517540 1.641885 3.363368 -0.693611 1.411537 24.420429 -1.576269 2.869974
Car -1 -1 -10 393.000000 185.000000 451.000000 215.000000 1.474614 1.614626 3.455504 -8.334230 1.394143 32.528698 -1.582445 2.429281
Car -1 -1 -10 359.000000 181.000000 406.000000 208.000000 1.472114 1.562639 3.867042 -12.874584 1.240156 40.954735 -4.785333 2.083709
Car -1 -1 -10 502.000000 183.000000 541.000000 215.000000 1.489172 1.590873 3.686852 -4.150501 1.319208 34.876244 -1.572062 1.852531
Car -1 -1 -10 527.000000 182.000000 555.000000 205.000000 1.483254 1.629466 3.831787 -4.442895 1.276270 47.519432 -1.687762 1.818255
Car -1 -1 -10 0.000000 191.000000 107.000000 323.000000 1.552616 1.656453 3.880665 -7.618911 1.643143 7.917593 1.541376 1.638871
Car -1 -1 -10 253.000000 178.000000 369.000000 240.000000 1.618109 1.577798 3.759749 -7.786697 1.434594 19.788792 -1.542709 1.529390
Car -1 -1 -10 307.000000 180.000000 367.000000 216.000000 1.634875 1.593860 3.845765 -16.890251 1.345649 44.131516 1.814983 1.289370
