Car -1 -1 -10 725.000000 180.000000 850.000000 255.000000 1.439452 1.622546 3.979520 3.634516 1.629731 15.892697 -1.585497 2.926896
Car -1 -1 -10 124.000000 191.000000 378.000000 332.000000 1.444963 1.616853 3.918062 -4.720181 1.799324 10.081211 1.572680 2.919937
Car -1 -1 -10 405.000000 184.000000 496.000000 239.000000 1.446463 1.699792 4.312212 -4.557190 1.792905 21.126217 1.570270 2.916874
Car -1 -1 -10 783.000000 183.000000 975.000000 299.000000 1.500306 1.610586 3.564356 3.777408 1.648198 10.746856 -1.561277 2.910231
Car -1 -1 -10 332.000000 186.000000 455.000000 265.000000 1.468121 1.576839 3.787666 -4.628720 1.799606 15.775555 1.598680 2.898253
Car -1 -1 -10 510.000000 178.000000 551.000000 209.000000 1.479775 1.575500 3.412572 -4.006057 1.776772 37.019619 1.626111 2.875860
Car -1 -1 -10 703.000000 177.000000 781.000000 232.000000 1.495088 1.588767 3.543199 3.786543 1.685940 20.980343 -1.578335 2.867370
Car -1 -1 -10 694.000000 176.000000 752.000000 220.000000 1.516566 1.630513 3.541510 4.152866 1.701675 26.552660 -1.532918 2.777971
Car -1 -1 -10 912.000000 194.000000 1240.000000 374.000000 1.460266 1.661775 3.923828 3.768465 1.684571 5.339451 -1.541506 2.728071
Car -1 -1 -10 529.000000 176.000000 564.000000 204.000000 1.520779 1.610640 3.909220 -3.632218 1.768179 41.729046 1.681405 2.714181
Car -1 -1 -10 688.000000 176.000000 728.000000 212.000000 1.510113 1.607541 3.864186 4.332764 1.685464 32.023518 -1.572125 1.997669
Car -1 -1 -10 914.000000 171.000000 985.000000 202.000000 1.517545 1.669650 4.327181 18.048925 1.472089 37.887108 -1.524505 1.247675
