Car -1 -1 -10 666.000000 175.000000 765.000000 247.000000 1.507025 1.617849 3.644311 2.274665 1.581643 16.589972 -1.621598 2.934293
Car -1 -1 -10 638.000000 175.000000 693.000000 216.000000 1.570227 1.647234 3.927553 2.190549 1.658657 29.275070 -1.695067 2.924186
Car -1 -1 -10 510.000000 176.000000 555.000000 217.000000 1.597924 1.667205 3.710640 -3.178040 1.774986 30.300285 -1.606587 2.793618
Car -1 -1 -10 134.000000 189.000000 404.000000 337.000000 1.502335 1.580547 4.086237 -3.451949 1.668709 7.829436 -1.619576 2.528153
Car -1 -1 -10 0.000000 205.000000 369.000000 372.000000 1.578145 1.633801 3.770475 -2.791100 1.653823 3.288853 -1.522732 2.517570
Car -1 -1 -10 626.000000 175.000000 667.000000 208.000000 1.560723 1.649416 4.094080 1.823598 1.744002 35.473713 -1.641142 2.155041
Car -1 -1 -10 539.000000 178.000000 565.000000 205.000000 1.623482 1.701865 3.831823 -3.726109 1.947752 44.276249 -1.624214 1.708368
Car -1 -1 -10 622.000000 173.000000 653.000000 199.000000 1.781710 1.666124 3.858789 1.744503 1.709948 45.918659 -1.632855 1.566583
Car -1 -1 -10 233.000000 187.000000 369.000000 247.000000 1.487406 1.599280 3.740002 -9.223212 1.858548 20.601889 -3.038305 1.417958
Car -1 -1 -10 191.000000 178.000000 352.000000 283.000000 1.691303 1.552559 3.840332 -5.452937 1.484536 10.731990 -1.875497 0.828184
