Car -1 -1 -10 650.000000 174.000000 724.000000 224.000000 1.601161 1.622850 3.970393 2.493256 1.691650 24.738777 -1.774745 2.845840
Car -1 -1 -10 583.000000 177.000000 626.000000 206.000000 1.466060 1.536734 3.350281 -0.366538 1.685564 39.115681 -1.838358 2.836903
Car -1 -1 -10 537.000000 174.000000 588.000000 195.000000 1.522149 1.608282 3.982593 -3.591084 1.721330 54.318913 2.406262 2.725433
Car -1 -1 -10 826.000000 174.000000 1009.000000 248.000000 1.502246 1.621467 3.986609 7.231283 1.594790 16.735167 3.329903 2.646011
Car -1 -1 -10 949.000000 196.000000 1241.000000 374.000000 1.588292 1.654050 4.140162 3.370988 1.662592 3.917871 -4.511541 2.432817
Car -1 -1 -10 1041.000000 172.000000 1233.000000 253.000000 1.593922 1.667989 3.847683 11.729348 1.590173 15.844431 3.327192 2.427459
Car -1 -1 -10 2.000000 184.000000 159.000000 372.000000 1.513986 1.592149 3.675639 -3.613765 1.655847 2.732119 -4.710758 1.348128
Car -1 -1 -10 707.000000 171.000000 743.000000 188.000000 1.488342 1.508281 3.240889 9.013504 1.281584 57.028667 2.482984 1.302175
Car -1 -1 -10 617.000000 173.000000 673.000000 195.000000 1.526840 1.645314 3.494874 2.070442 1.544918 50.422966 -0.865532 1.283112
Car -1 -1 -10 657.000000 171.000000 712.000000 201.000000 1.679376 1.643590 4.000526 5.709534 1.607681 53.750217 -0.772912 0.839598
