Car -1 -1 -10 351.000000 183.000000 488.000000 271.000000 1.448380 1.639495 3.828702 -3.628091 1.444268 14.557325 -1.571250 2.937004
Car -1 -1 -10 148.000000 174.000000 320.000000 264.000000 1.631862 1.612890 3.798336 -7.793271 1.463629 15.639346 -1.584053 2.935025
Car -1 -1 -10 489.000000 183.000000 544.000000 223.000000 1.560016 1.646090 4.027661 -3.453634 1.329358 26.736551 1.581212 2.921580
Car -1 -1 -10 578.000000 178.000000 620.000000 216.000000 1.551999 1.653920 4.190165 -0.344089 1.294698 32.279732 -1.562238 2.807564
Car -1 -1 -10 1.000000 186.000000 195.000000 258.000000 1.418162 1.608007 3.648159 -12.152280 1.474418 17.215645 -1.589102 2.739338
Car -1 -1 -10 309.000000 183.000000 405.000000 233.000000 1.436011 1.582362 3.720841 -7.794357 1.447712 22.415180 4.683019 1.895083
Car -1 -1 -10 445.000000 180.000000 495.000000 207.000000 1.483100 1.592106 3.641345 -7.724246 1.166092 41.042519 -1.509560 1.891133
Car -1 -1 -10 0.000000 190.000000 148.000000 313.000000 1.387739 1.540018 3.902325 -8.347376 1.519829 9.569063 1.528091 1.839798
Car -1 -1 -10 278.000000 181.000000 358.000000 224.000000 1.520869 1.578240 3.527270 -12.348146 1.454171 30.756674 -1.757723 1.244101
Car -1 -1 -10 214.000000 177.000000 308.000000 218.000000 1.472675 1.576967 4.068921 -11.582911 1.156201 24.518925 -1.543172 1.062153
Car -1 -1 -10 231.000000 179.000000 279.000000 214.000000 1.454197 1.640318 3.830168 -16.563313 1.202797 32.690342 -1.952618 0.796148
