Car -1 -1 -10 5.000000 181.000000 355.000000 371.000000 1.596987 1.641483 3.877623 -4.526889 1.799012 8.226161 1.567787 2.944597
Car -1 -1 -10 383.000000 183.000000 490.000000 252.000000 1.496214 1.616684 3.961568 -4.205364 1.791843 17.881517 1.580087 2.909096
Car -1 -1 -10 719.000000 168.000000 806.000000 234.000000 1.825553 1.778025 4.648071 4.517187 1.708268 21.903786 -1.491552 2.904480
Car -1 -1 -10 299.000000 192.000000 435.000000 286.000000 1.455770 1.598775 3.850358 -4.462268 1.819643 13.366949 1.601891 2.865239
Car -1 -1 -10 552.000000 175.000000 591.000000 202.000000 1.491792 1.521039 3.805676 -2.333158 1.713929 44.605797 1.747521 2.810383
Car -1 -1 -10 704.000000 173.000000 754.000000 212.000000 1.527142 1.598110 3.688329 5.301058 1.702069 34.031883 -1.567230 2.371992
Car -1 -1 -10 0.000000 171.000000 117.000000 229.000000 1.551081 1.670438 4.165411 -12.109031 1.340287 16.145227 1.028325 2.217715
Car -1 -1 -10 695.000000 173.000000 723.000000 199.000000 1.494990 1.647115 3.710207 6.063663 1.589977 44.689526 -1.334514 1.737217
Car -1 -1 -10 0.000000 209.000000 82.000000 372.000000 1.510313 1.621945 3.886290 -4.594031 1.694841 3.182121 1.539133 1.351110
Car -1 -1 -10 574.000000 175.000000 601.000000 197.000000 1.519097 1.569986 3.773520 -1.642354 1.818914 55.113609 4.526142 1.167468
Car -1 -1 -10 607.000000 173.000000 627.000000 189.000000 1.462819 1.634423 4.079386 0.494981 1.520110 70.070389 1.512561 1.054279
