Car -1 -1 -10 163.000000 188.000000 397.000000 316.000000 1.407985 1.614978 3.786208 -4.417884 1.515299 10.457888 -1.589677 2.946370
Car -1 -1 -10 344.000000 179.000000 452.000000 246.000000 1.457392 1.592581 3.903050 -5.239288 1.340962 18.438684 -1.580517 2.924811
Car -1 -1 -10 573.000000 174.000000 614.000000 210.000000 1.476335 1.625430 3.945345 -0.660377 1.126632 33.307716 -1.571643 2.670165
Car -1 -1 -10 185.000000 187.000000 287.000000 238.000000 1.485301 1.639480 3.723254 -9.047418 1.391122 18.329313 -1.704068 2.310521
Car -1 -1 -10 349.000000 172.000000 409.000000 211.000000 1.573110 1.598250 3.573201 -8.613968 0.984979 27.761019 -1.601869 1.908649
Car -1 -1 -10 478.000000 174.000000 534.000000 212.000000 1.823019 1.699387 4.346126 -4.212564 1.246539 30.329704 -1.523059 1.799023
Car -1 -1 -10 249.000000 182.000000 330.000000 222.000000 1.493436 1.638316 3.714274 -12.012021 1.384497 27.609344 -1.550406 1.724848
Car -1 -1 -10 1.000000 187.000000 111.000000 313.000000 1.500732 1.669549 4.169229 -8.662992 1.673597 9.147820 1.364183 1.498093
Car -1 -1 -10 534.000000 163.000000 559.000000 192.000000 2.022577 1.627898 3.534844 -5.784783 0.252255 68.589111 -1.597527 1.385859
Car -1 -1 -10 502.000000 175.000000 544.000000 203.000000 1.535924 1.617968 3.992195 -5.182074 1.021031 45.645641 -1.601370 0.927166
