Car -1 -1 -10 630.000000 178.000000 683.000000 221.000000 1.425516 1.611159 3.756371 1.730081 1.745294 28.031265 -1.652938 2.940984
Car -1 -1 -10 782.000000 168.000000 1034.000000 279.000000 1.456687 1.613333 4.065335 5.337897 1.698969 12.673825 -0.085948 2.799811
Car -1 -1 -10 868.000000 188.000000 1187.000000 313.000000 1.526392 1.566404 3.781817 5.606966 1.704619 9.682951 3.145149 2.799654
Car -1 -1 -10 301.000000 179.000000 450.000000 231.000000 1.496328 1.717899 4.382722 -7.325701 1.799412 22.308523 -3.137337 2.770034
Car -1 -1 -10 0.000000 155.000000 298.000000 306.000000 1.816951 1.708817 4.231827 -6.138389 1.673492 9.793423 -1.643968 2.676134
Car -1 -1 -10 1014.000000 186.000000 1235.000000 359.000000 1.457461 1.615705 3.829799 6.355599 1.660190 7.095033 0.029037 2.440966
Car -1 -1 -10 367.000000 180.000000 474.000000 225.000000 1.470820 1.557114 3.550908 -6.588025 1.809681 24.785795 -3.187783 2.218875
Car -1 -1 -10 614.000000 175.000000 649.000000 202.000000 1.568316 1.639613 3.733742 1.217524 1.768034 48.302811 -1.574003 1.594866
Car -1 -1 -10 1147.000000 192.000000 1241.000000 374.000000 1.616902 1.673894 4.066809 6.226080 1.674871 5.401349 0.097983 1.568239
Car -1 -1 -10 460.000000 178.000000 510.000000 203.000000 1.482173 1.571517 4.026013 -6.351634 1.434904 37.023506 -1.556629 1.222555
Car -1 -1 -10 479.000000 177.000000 526.000000 196.000000 1.486277 1.642183 3.409172 -7.575109 1.777646 52.292747 4.884347 1.187827
