Car -1 -1 -10 745.000000 190.000000 988.000000 348.000000 1.437808 1.608391 3.487247 2.850494 1.719408 8.707624 -1.559294 2.917948
Car -1 -1 -10 636.000000 178.000000 669.000000 205.000000 1.463326 1.623823 3.744043 2.351291 1.840519 42.295673 1.456093 2.697019
Car -1 -1 -10 801.000000 175.000000 1069.000000 271.000000 1.534848 1.602599 3.717934 6.264793 1.654498 13.731005 0.002488 2.660982
Car -1 -1 -10 266.000000 180.000000 435.000000 247.000000 1.497509 1.633888 3.952010 -6.512289 1.735286 18.529491 -3.056702 2.568105
Car -1 -1 -10 0.000000 180.000000 277.000000 327.000000 1.598376 1.530122 3.761044 -6.135853 1.698046 8.847919 0.109768 2.447923
Car -1 -1 -10 324.000000 175.000000 458.000000 234.000000 1.578556 1.676782 3.976629 -6.725563 1.751088 23.035929 -3.201484 2.410792
Car -1 -1 -10 726.000000 180.000000 824.000000 226.000000 1.444828 1.561291 3.590444 5.760633 1.790145 24.380606 2.817419 2.324059
Car -1 -1 -10 429.000000 178.000000 525.000000 211.000000 1.465693 1.634839 4.041688 -6.508827 1.799346 36.858688 0.026225 2.265247
Car -1 -1 -10 764.000000 180.000000 882.000000 238.000000 1.524975 1.610172 3.713500 6.587771 1.780934 21.537895 0.045358 2.057590
Car -1 -1 -10 58.000000 182.000000 404.000000 263.000000 1.476102 1.612638 4.045927 -7.073401 1.693983 13.669757 -3.120636 2.003623
