Car -1 -1 -10 671.000000 174.000000 764.000000 248.000000 1.797569 1.690985 4.072016 2.645583 1.828033 18.671650 -1.623154 2.947699
Car -1 -1 -10 652.000000 180.000000 713.000000 223.000000 1.481444 1.584702 3.639555 2.598407 1.787235 29.797764 -1.569350 2.763473
Car -1 -1 -10 169.000000 181.000000 396.000000 269.000000 1.471904 1.685931 3.968424 -6.503494 1.682442 13.566345 -3.085960 2.624861
Car -1 -1 -10 268.000000 183.000000 443.000000 249.000000 1.462902 1.602791 4.052440 -6.092661 1.712740 16.218653 0.248023 2.441822
Car -1 -1 -10 635.000000 179.000000 670.000000 205.000000 1.481941 1.562450 3.758386 2.389566 1.827906 41.850094 -1.649002 2.299176
Car -1 -1 -10 333.000000 171.000000 466.000000 235.000000 1.606966 1.631542 3.819132 -6.612281 1.774941 23.102751 -3.171542 2.290460
Car -1 -1 -10 424.000000 174.000000 513.000000 212.000000 1.509507 1.581156 3.533421 -5.829654 1.436855 28.079662 -1.473223 1.820583
Car -1 -1 -10 452.000000 176.000000 531.000000 205.000000 1.456949 1.590114 3.626993 -5.291636 1.548778 33.373608 -1.452177 1.721179
Car -1 -1 -10 375.000000 172.000000 503.000000 221.000000 1.893468 1.666074 4.293414 -6.346097 1.811872 25.413227 0.003850 1.640095
Car -1 -1 -10 625.000000 175.000000 655.000000 199.000000 1.488643 1.553204 3.568882 2.310554 1.818422 52.506390 -1.542215 1.485082
Car -1 -1 -10 452.000000 176.000000 531.000000 205.000000 1.489048 1.517142 3.699783 -6.747685 1.867242 40.022095 -6.330877 1.410270
Car -1 -1 -10 969.000000 215.000000 1229.000000 369.000000 1.504579 1.541076 4.050796 3.915438 1.710436 5.048183 -0.784529 1.347994
Car -1 -1 -10 79.000000 188.000000 348.000000 296.000000 1.551612 1.584834 3.859343 -5.794093 1.808224 11.226587 -2.319363 1.095417
