Car -1 -1 -10 671.000000 170.000000 750.000000 238.000000 1.668637 1.642318 3.524824 2.751581 1.633098 19.567465 -1.592032 2.937477
Car -1 -1 -10 721.000000 184.000000 923.000000 315.000000 1.443746 1.638775 4.048735 2.760373 1.662484 10.402235 -1.589446 2.898575
Car -1 -1 -10 836.000000 164.000000 1236.000000 374.000000 1.601420 1.705237 4.026118 2.729176 1.607063 4.492675 -1.547824 2.820129
Car -1 -1 -10 649.000000 175.000000 689.000000 206.000000 1.440276 1.566954 3.410294 2.678637 1.554100 33.356747 -1.577578 2.762572
Car -1 -1 -10 399.000000 172.000000 516.000000 212.000000 1.489801 1.699010 4.501494 -6.118183 1.550078 30.850531 -6.222729 2.513539
Car -1 -1 -10 399.000000 172.000000 516.000000 212.000000 1.409639 1.579633 3.872190 -6.153524 1.564425 28.682598 3.015667 2.468475
Car -1 -1 -10 243.000000 175.000000 442.000000 257.000000 1.467988 1.605429 3.829761 -5.498657 1.585168 13.714680 -3.261954 2.174417
Car -1 -1 -10 625.000000 171.000000 645.000000 188.000000 1.501506 1.621584 3.923275 2.406250 1.441562 67.010796 4.624187 2.001983
Car -1 -1 -10 0.000000 189.000000 197.000000 358.000000 1.416090 1.586999 4.019167 -6.577313 1.619011 7.294774 -3.128796 1.980900
Car -1 -1 -10 321.000000 173.000000 479.000000 223.000000 1.583371 1.658073 3.730833 -6.912961 1.480450 23.166922 -3.158481 1.488235
