Car -1 -1 -10 661.000000 180.000000 758.000000 250.000000 1.420940 1.645180 4.000124 2.247132 1.655352 17.408766 -1.627527 2.937925
Car -1 -1 -10 638.000000 174.000000 680.000000 211.000000 1.533821 1.626440 3.462310 2.180403 1.656292 32.525009 -1.588389 2.694316
Car -1 -1 -10 183.000000 186.000000 410.000000 266.000000 1.415251 1.608684 4.027203 -6.338799 1.749147 14.417224 -3.089481 2.678257
Car -1 -1 -10 375.000000 181.000000 494.000000 220.000000 1.553641 1.624264 4.225086 -6.781204 1.814455 28.907454 0.064199 2.660932
Car -1 -1 -10 12.000000 192.000000 378.000000 289.000000 1.368662 1.725767 4.547099 -7.185109 1.736588 12.027303 -3.095055 2.372855
Car -1 -1 -10 274.000000 185.000000 430.000000 240.000000 1.508373 1.555757 3.916868 -7.047619 1.752670 19.641941 0.028300 1.994676
Car -1 -1 -10 451.000000 178.000000 522.000000 205.000000 1.481135 1.555204 3.992938 -6.479712 1.761558 35.998520 -0.149132 1.500868
Car -1 -1 -10 7.000000 203.000000 201.000000 347.000000 1.476273 1.581929 3.879048 -3.391921 1.548403 2.555826 1.235586 1.263166
Car -1 -1 -10 1.000000 199.000000 178.000000 274.000000 1.562700 1.612251 4.245518 -10.094483 2.218484 14.683049 -1.547417 1.237164
Car -1 -1 -10 1176.000000 123.000000 1241.000000 368.000000 1.561531 1.593894 3.992966 5.913723 1.407973 4.587087 -0.303532 1.210275
Car -1 -1 -10 477.000000 177.000000 538.000000 201.000000 1.473459 1.565721 3.760924 -6.684683 1.958182 48.939575 0.719131 1.001891
