Car -1 -1 -10 737.000000 175.000000 959.000000 316.000000 1.553017 1.630990 4.021233 2.802927 1.570209 9.270061 -1.541421 2.945753
Car -1 -1 -10 700.000000 173.000000 821.000000 255.000000 1.518939 1.604070 3.555789 2.963943 1.580944 15.500560 -1.580339 2.943297
Car -1 -1 -10 418.000000 176.000000 500.000000 241.000000 1.793163 1.601166 3.757342 -4.389210 1.913881 21.494291 1.563673 2.940132
Car -1 -1 -10 347.000000 188.000000 463.000000 264.000000 1.447964 1.626436 4.056491 -4.409317 1.872560 16.134119 1.536505 2.931849
Car -1 -1 -10 675.000000 174.000000 738.000000 224.000000 1.479528 1.574629 3.839847 3.009246 1.556591 24.136412 -1.578088 2.897417
Car -1 -1 -10 466.000000 176.000000 527.000000 226.000000 1.714707 1.648350 4.149135 -4.216528 1.875055 27.063801 1.580427 2.876185
Car -1 -1 -10 0.000000 194.000000 178.000000 302.000000 1.434294 1.622515 4.359205 -9.456424 1.855911 11.461044 -0.002423 2.521696
Car -1 -1 -10 665.000000 173.000000 715.000000 214.000000 1.552313 1.633365 3.890943 3.183320 1.563792 30.126511 -1.614715 1.841392
Car -1 -1 -10 524.000000 179.000000 555.000000 196.000000 1.512517 1.665573 3.576132 -5.925497 2.019649 61.943451 4.491309 1.478664
Car -1 -1 -10 1126.000000 212.000000 1240.000000 370.000000 1.514795 1.573262 3.850398 3.097810 1.734290 1.364134 1.562487 1.136889
