Car -1 -1 -10 465.000000 170.000000 530.000000 217.000000 1.567370 1.596021 3.900568 -3.917736 1.469941 25.729151 1.559455 2.944464
Car -1 -1 -10 717.000000 181.000000 872.000000 280.000000 1.534528 1.584705 3.251053 3.193520 1.736538 13.504127 -1.637911 2.936242
Car -1 -1 -10 654.000000 172.000000 720.000000 222.000000 1.567770 1.607360 3.757340 2.459630 1.591383 24.779512 -1.637891 2.927536
Car -1 -1 -10 772.000000 187.000000 1068.000000 367.000000 1.469199 1.638533 3.954923 3.130317 1.742555 8.198501 -1.598177 2.912724
Car -1 -1 -10 680.000000 175.000000 755.000000 236.000000 1.557516 1.616199 3.400825 2.876963 1.648569 20.278244 -1.629276 2.905339
Car -1 -1 -10 225.000000 170.000000 454.000000 325.000000 1.594539 1.601054 3.737514 -3.326200 1.662641 9.544436 1.568895 2.879121
Car -1 -1 -10 636.000000 172.000000 686.000000 210.000000 1.460595 1.638081 4.179349 2.162977 1.494154 30.606941 -1.655665 2.705414
Car -1 -1 -10 495.000000 170.000000 536.000000 207.000000 1.505632 1.596186 3.573272 -4.194344 1.430291 31.511621 1.543272 2.184345
Car -1 -1 -10 1033.000000 221.000000 1241.000000 373.000000 1.542429 1.652748 4.248229 6.465736 1.972924 8.197864 -1.433777 2.148398
Car -1 -1 -10 0.000000 128.000000 361.000000 374.000000 1.902881 1.663467 4.158476 -2.911357 1.630734 3.962134 1.520218 2.145176
