Car -1 -1 -10 804.000000 180.000000 928.000000 262.000000 1.458915 1.631126 3.481274 5.624055 1.683665 15.389965 -0.991189 2.941347
Car -1 -1 -10 610.000000 174.000000 822.000000 319.000000 1.556711 1.557995 3.671705 1.549036 1.655638 9.650232 2.172944 2.915918
Car -1 -1 -10 241.000000 170.000000 668.000000 372.000000 1.584861 1.617756 3.327572 -1.007125 1.591922 6.110606 -0.986862 2.867622
Car -1 -1 -10 959.000000 176.000000 1016.000000 218.000000 1.755626 1.703450 4.154135 16.725433 1.957756 31.780033 2.224098 2.853687
Car -1 -1 -10 1125.000000 193.000000 1215.000000 256.000000 1.572311 1.633958 3.698255 14.592583 2.122709 19.024506 -0.951869 2.582761
Car -1 -1 -10 992.000000 179.000000 1038.000000 213.000000 1.501577 1.646571 4.019146 21.515966 2.023534 38.256332 -0.810893 2.492524
Car -1 -1 -10 1115.000000 186.000000 1146.000000 208.000000 1.514235 1.591406 4.061155 35.405159 2.449570 49.291744 -0.832060 2.421990
Car -1 -1 -10 1143.000000 204.000000 1241.000000 374.000000 1.505196 1.619339 3.688423 6.549381 1.835946 5.915158 0.241528 1.871976
Car -1 -1 -10 820.000000 169.000000 911.000000 226.000000 1.503149 1.560059 3.540317 10.074572 1.575344 28.552979 -5.514000 1.725510
Car -1 -1 -10 1043.000000 175.000000 1074.000000 195.000000 1.479283 1.641529 4.227505 41.905243 1.931396 67.449608 2.345982 1.091204
