Car -1 -1 -10 687.000000 178.000000 793.000000 249.000000 1.508152 1.618175 3.877773 2.981869 1.667785 17.432495 -1.601573 2.938252
Car -1 -1 -10 197.000000 196.000000 366.000000 288.000000 1.504467 1.578528 3.528245 -6.094256 1.964341 13.893273 1.604821 2.901490
Car -1 -1 -10 325.000000 192.000000 434.000000 254.000000 1.420690 1.613143 4.174618 -6.063016 1.968704 19.499308 1.585467 2.896994
Car -1 -1 -10 420.000000 177.000000 483.000000 226.000000 1.542958 1.608241 4.108712 -6.054957 1.931045 27.661198 1.548971 2.875710
Car -1 -1 -10 453.000000 179.000000 504.000000 216.000000 1.509837 1.624537 4.171441 -6.218416 1.958197 34.507305 1.602066 2.660339
Car -1 -1 -10 560.000000 178.000000 583.000000 196.000000 1.493259 1.609339 3.920022 -3.412180 1.982939 62.369095 -1.671036 1.951356
Car -1 -1 -10 488.000000 181.000000 526.000000 206.000000 1.449177 1.594301 3.659927 -6.261149 2.029397 45.516659 1.566921 1.851046
Car -1 -1 -10 633.000000 175.000000 655.000000 191.000000 1.484012 1.565984 3.553520 3.095514 1.657164 66.604584 -1.525464 1.766450
Car -1 -1 -10 676.000000 169.000000 748.000000 190.000000 1.515943 1.765729 4.188763 8.585814 1.324312 59.646854 3.124990 1.448167
Car -1 -1 -10 772.000000 168.000000 844.000000 201.000000 1.500551 1.597514 3.668108 10.573074 1.263072 36.739826 -0.842867 1.352231
Car -1 -1 -10 527.000000 180.000000 550.000000 197.000000 1.487466 1.563743 3.951801 -6.013465 2.157483 60.038704 1.575654 1.350163
Car -1 -1 -10 1186.000000 133.000000 1241.000000 192.000000 2.265731 1.790691 4.600717 24.516914 0.785383 27.013191 1.554846 1.092071
Car -1 -1 -10 706.000000 171.000000 745.000000 193.000000 1.517184 1.581154 3.778325 10.121590 1.463441 61.774651 -1.506220 0.768604
