Car -1 -1 -10 216.000000 163.000000 290.000000 202.000000 1.561071 1.620988 3.546711 -15.781466 1.164412 32.206440 -2.380537 2.922041
Car -1 -1 -10 564.000000 160.000000 620.000000 187.000000 1.488684 1.602779 3.826925 -1.174133 0.748235 45.151485 0.685293 2.761691
Car -1 -1 -10 288.000000 164.000000 365.000000 199.000000 1.454268 1.758649 4.534229 -13.152230 1.103166 33.916279 -2.376422 2.605430
Car -1 -1 -10 158.000000 157.000000 219.000000 205.000000 1.697254 1.673031 4.306447 -17.216936 1.219177 29.769354 0.760467 2.158282
Car -1 -1 -10 499.000000 161.000000 572.000000 188.000000 1.491842 1.600305 3.780700 -4.175340 0.846689 42.364567 -2.473063 1.702497
Car -1 -1 -10 464.000000 161.000000 550.000000 186.000000 1.579216 1.704851 3.805421 -5.116606 0.779439 39.453217 3.876947 1.576147
Car -1 -1 -10 612.000000 166.000000 678.000000 187.000000 1.496355 1.711922 3.552383 2.649782 1.036097 49.287861 2.422738 1.306704
Car -1 -1 -10 661.000000 167.000000 721.000000 188.000000 1.513582 1.621079 3.822315 5.847975 1.107889 51.687679 -0.650431 1.049393
Car -1 -1 -10 331.000000 166.000000 394.000000 189.000000 1.483394 1.540868 3.655995 -15.122710 1.079427 43.492947 -6.422434 1.029276
Car -1 -1 -10 631.000000 166.000000 649.000000 187.000000 1.504290 1.576965 3.738320 0.794625 0.978267 46.195000 5.277943 0.880270
