Car -1 -1 -10 307.000000 188.000000 432.000000 260.000000 1.509731 1.625548 3.721863 -5.722520 1.929411 17.360006 1.609495 2.923788
Car -1 -1 -10 382.000000 186.000000 467.000000 237.000000 1.482099 1.594124 3.672587 -5.693414 1.925769 22.797943 1.603663 2.896410
Car -1 -1 -10 426.000000 184.000000 492.000000 227.000000 1.503181 1.569844 3.581599 -5.622024 1.956825 27.600801 1.584891 2.824937
Car -1 -1 -10 464.000000 183.000000 513.000000 214.000000 1.463744 1.591703 3.961915 -5.558768 1.919987 33.724319 1.577431 2.580314
Car -1 -1 -10 665.000000 173.000000 705.000000 202.000000 1.504852 1.599558 4.207658 3.558156 1.453690 35.555927 -1.596764 2.402172
Car -1 -1 -10 788.000000 154.000000 898.000000 193.000000 1.546086 1.663759 4.035708 10.046794 0.828441 32.006992 -0.219484 2.356435
Car -1 -1 -10 1122.000000 132.000000 1240.000000 174.000000 1.520730 1.633665 4.028366 22.942299 0.027202 28.570063 0.089992 2.196803
Car -1 -1 -10 788.000000 154.000000 898.000000 193.000000 1.563483 1.678550 4.205555 9.771845 0.777457 29.819530 2.524492 2.183179
Car -1 -1 -10 496.000000 179.000000 538.000000 207.000000 1.440418 1.566095 3.945827 -5.200775 1.954149 41.103844 1.701413 1.968573
Car -1 -1 -10 0.000000 206.000000 179.000000 373.000000 1.671269 1.643154 4.167696 -5.872377 1.970177 6.410302 -1.581243 1.968136
Car -1 -1 -10 1066.000000 172.000000 1234.000000 370.000000 1.481089 1.624170 4.222024 2.995907 1.703127 1.688847 -1.563756 1.965399
Car -1 -1 -10 739.000000 157.000000 850.000000 192.000000 1.606739 1.575112 3.513654 9.080318 0.930634 34.581997 2.806525 1.752531
Car -1 -1 -10 739.000000 157.000000 850.000000 192.000000 1.550757 1.702107 4.407477 9.021456 0.955583 37.061016 -3.064524 1.617246
Car -1 -1 -10 1029.000000 142.000000 1113.000000 172.000000 1.469027 1.626336 4.013929 22.522142 -0.062963 35.221397 1.688836 1.444084
