Car -1 -1 -10 660.000000 176.000000 722.000000 223.000000 1.431591 1.642653 3.712042 2.669862 1.585739 24.149965 -1.543793 2.872958
Car -1 -1 -10 229.000000 172.000000 448.000000 248.000000 1.577857 1.606820 4.201012 -5.979924 1.630379 16.407377 -0.023465 2.867586
Car -1 -1 -10 385.000000 172.000000 509.000000 216.000000 1.452285 1.617063 4.234100 -5.935026 1.532749 25.738974 -0.034829 2.430734
Car -1 -1 -10 0.000000 172.000000 299.000000 313.000000 1.576999 1.559870 3.918391 -6.029782 1.560698 8.502772 0.004264 2.420202
Car -1 -1 -10 385.000000 172.000000 509.000000 216.000000 1.816533 1.744109 4.368449 -6.101239 1.576529 28.058226 -0.093607 2.193418
Car -1 -1 -10 458.000000 169.000000 545.000000 201.000000 1.464723 1.636637 3.835212 -5.897705 1.403527 38.543716 -3.044240 2.168837
Car -1 -1 -10 730.000000 177.000000 853.000000 249.000000 1.561106 1.676915 3.960800 4.504467 1.731586 17.341238 -0.607937 2.122776
Car -1 -1 -10 627.000000 172.000000 646.000000 187.000000 1.480679 1.559461 3.891660 2.520625 1.430128 67.736229 -1.592651 1.996776
Car -1 -1 -10 793.000000 131.000000 1241.000000 372.000000 2.312779 1.830454 4.673089 2.758653 1.660671 5.718068 -1.566725 1.873529
Car -1 -1 -10 724.000000 173.000000 807.000000 220.000000 1.579456 1.650459 3.708709 6.369573 1.584932 29.387899 0.106213 1.276958
Car -1 -1 -10 349.000000 170.000000 460.000000 225.000000 1.558182 1.499060 3.863893 -6.508376 1.568013 21.134382 0.233951 1.263206
Car -1 -1 -10 493.000000 169.000000 551.000000 192.000000 1.514349 1.596105 3.696694 -5.178335 1.097461 43.840473 4.698383 1.178985
Car -1 -1 -10 91.000000 182.000000 357.000000 261.000000 1.405905 1.636522 4.266881 -6.194409 1.329687 11.330351 3.611812 1.171191
Car -1 -1 -10 662.000000 170.000000 700.000000 205.000000 1.480219 1.546081 3.482421 5.451770 1.708165 53.622223 -1.017662 1.129483
