Car -1 -1 -10 457.000000 185.000000 530.000000 238.000000 1.470448 1.629045 3.801301 -3.308286 1.370014 20.969408 -1.571740 2.935617
Car -1 -1 -10 163.000000 188.000000 429.000000 345.000000 1.444865 1.607242 3.469550 -3.522929 1.512779 8.708698 -1.558628 2.935236
Car -1 -1 -10 355.000000 184.000000 426.000000 228.000000 1.410931 1.583563 3.706365 -7.424723 1.424135 24.422781 -1.573699 2.847499
Car -1 -1 -10 582.000000 178.000000 622.000000 214.000000 1.585689 1.649811 4.339787 -0.296932 1.284217 34.455235 -1.606229 2.774389
Car -1 -1 -10 127.000000 186.000000 309.000000 275.000000 1.455781 1.596489 3.627357 -7.522296 1.548995 14.440539 -1.471992 2.728940
Car -1 -1 -10 5.000000 183.000000 203.000000 254.000000 1.426778 1.563811 3.745047 -11.476196 1.473295 16.375278 -1.571936 2.675419
Car -1 -1 -10 418.000000 180.000000 470.000000 213.000000 1.463229 1.631780 3.769403 -7.583189 1.317872 34.352940 -1.535750 2.392705
Car -1 -1 -10 505.000000 183.000000 536.000000 211.000000 1.481232 1.591484 4.033958 -4.471182 1.306508 36.391541 -1.498854 1.832097
Car -1 -1 -10 0.000000 197.000000 92.000000 323.000000 1.459675 1.664522 4.074127 -7.736467 1.614339 7.792336 1.550918 1.590208
Car -1 -1 -10 314.000000 183.000000 371.000000 215.000000 1.486863 1.636951 4.094985 -12.533310 1.347197 34.078014 -1.694489 1.570609
