Car -1 -1 -10 424.000000 182.000000 495.000000 229.000000 1.442411 1.601870 3.926512 -4.826043 1.373013 23.905954 -1.585286 2.925567
Car -1 -1 -10 305.000000 186.000000 446.000000 275.000000 1.411564 1.634646 3.473713 -4.357299 1.463036 14.102997 -1.561841 2.924127
Car -1 -1 -10 479.000000 182.000000 523.000000 213.000000 1.436602 1.562364 3.272237 -4.846729 1.268626 33.248711 -1.599941 2.900623
Car -1 -1 -10 281.000000 176.000000 370.000000 236.000000 1.549379 1.615814 3.564739 -8.558702 1.380070 22.305399 -1.557135 2.853049
Car -1 -1 -10 0.000000 198.000000 209.000000 296.000000 1.351195 1.603829 3.932624 -8.304755 1.544264 11.869840 -1.637458 2.811346
Car -1 -1 -10 575.000000 177.000000 610.000000 209.000000 1.500236 1.645760 3.940021 -0.733033 1.138138 37.950226 -1.539781 2.734163
Car -1 -1 -10 56.000000 163.000000 219.000000 246.000000 1.723215 1.726539 4.276337 -12.329178 1.225328 19.377546 -1.579019 1.962181
Car -1 -1 -10 518.000000 167.000000 551.000000 201.000000 1.748885 1.638844 3.679810 -5.138889 0.659600 48.987053 -1.588281 1.488666
Car -1 -1 -10 373.000000 183.000000 427.000000 207.000000 1.468460 1.447305 3.232939 -9.054632 1.231495 30.768343 -1.722680 1.321640
Car -1 -1 -10 888.000000 210.000000 1228.000000 370.000000 1.432884 1.614830 4.356550 2.190249 1.637057 5.531564 -1.477595 1.162700
