Car -1 -1 -10 376.000000 176.000000 502.000000 272.000000 1.561025 1.595928 4.065629 -3.222799 1.498360 14.510392 -1.566058 2.936148
Car -1 -1 -10 9.000000 197.000000 422.000000 373.000000 1.505198 1.628461 3.622416 -3.211546 1.665189 6.556424 -1.578086 2.903565
Car -1 -1 -10 560.000000 179.000000 622.000000 235.000000 1.555522 1.680508 3.389597 -0.434051 1.426000 22.360571 -1.525310 2.900781
Car -1 -1 -10 488.000000 179.000000 546.000000 225.000000 1.520858 1.661169 3.782714 -3.232907 1.389164 26.674198 -1.588136 2.794144
Car -1 -1 -10 301.000000 184.000000 359.000000 217.000000 1.447792 1.641525 3.597726 -12.533924 1.416029 32.789318 -1.631724 2.321798
Car -1 -1 -10 346.000000 179.000000 427.000000 225.000000 1.565000 1.674149 4.186962 -7.574536 1.408579 25.813763 -1.388968 1.640057
Car -1 -1 -10 187.000000 187.000000 281.000000 237.000000 1.475043 1.580884 4.349190 -12.354551 1.536162 23.025087 -5.105728 1.349972
Car -1 -1 -10 54.000000 197.000000 277.000000 288.000000 1.553592 1.651882 4.202853 -7.685348 1.561258 12.879931 1.549134 1.239620
Car -1 -1 -10 536.000000 182.000000 561.000000 202.000000 1.514938 1.575816 3.826700 -4.241093 1.283333 52.623299 1.492022 1.003434
Car -1 -1 -10 104.000000 196.000000 218.000000 239.000000 1.479773 1.573617 4.371318 -15.006746 1.648615 22.886726 4.691843 0.930141
