Car -1 -1 -10 237.000000 196.000000 394.000000 280.000000 1.451920 1.591398 4.025019 -5.957377 2.001413 15.276535 1.566819 2.937027
Car -1 -1 -10 374.000000 190.000000 467.000000 242.000000 1.437448 1.620232 4.010169 -5.819250 2.039125 22.852121 1.628838 2.918059
Car -1 -1 -10 682.000000 176.000000 757.000000 229.000000 1.544530 1.646299 3.917404 3.118557 1.653540 22.611469 -1.572675 2.915274
Car -1 -1 -10 705.000000 176.000000 804.000000 245.000000 1.407694 1.621619 3.890501 3.199502 1.574219 17.064234 -1.565299 2.913292
Car -1 -1 -10 0.000000 205.000000 273.000000 362.000000 1.458395 1.548432 3.608901 -5.942742 1.976763 9.396224 1.570034 2.912738
Car -1 -1 -10 430.000000 187.000000 494.000000 228.000000 1.470250 1.465131 3.522299 -5.813772 2.115983 28.784945 1.581467 2.808311
Car -1 -1 -10 660.000000 178.000000 717.000000 213.000000 1.445373 1.580143 3.802778 3.294111 1.675081 32.507835 1.504646 2.790799
Car -1 -1 -10 844.000000 154.000000 1027.000000 218.000000 1.439157 1.652626 4.078760 8.177456 1.067502 19.165707 2.949016 2.569885
Car -1 -1 -10 1011.000000 134.000000 1239.000000 238.000000 1.629396 1.553862 3.688887 9.546480 1.010432 13.680135 3.103644 2.483096
Car -1 -1 -10 917.000000 151.000000 1110.000000 222.000000 1.479084 1.612042 3.755847 8.941949 1.062734 16.096571 -3.168164 2.469675
Car -1 -1 -10 481.000000 184.000000 525.000000 214.000000 1.475877 1.511663 3.928671 -5.682624 2.136809 37.735161 1.658678 2.399313
Car -1 -1 -10 642.000000 177.000000 681.000000 201.000000 1.468462 1.571901 3.651081 3.232871 1.776608 46.782829 -1.458473 1.684067
Car -1 -1 -10 517.000000 180.000000 549.000000 202.000000 1.583920 1.583440 3.762611 -5.659658 2.148463 52.978924 1.561082 1.231359
