Car -1 -1 -10 664.000000 176.000000 734.000000 226.000000 1.432697 1.634153 3.801806 2.597609 1.559057 22.233631 -1.590958 2.903195
Car -1 -1 -10 153.000000 175.000000 425.000000 262.000000 1.564147 1.676361 4.314965 -6.083670 1.612628 14.483921 -0.033774 2.798229
Car -1 -1 -10 346.000000 172.000000 505.000000 221.000000 1.464339 1.623147 4.329324 -5.909089 1.484138 23.818027 -0.029060 2.549190
Car -1 -1 -10 0.000000 180.000000 289.000000 305.000000 1.450601 1.699458 4.265219 -5.179289 1.497505 7.980881 1.551490 2.454610
Car -1 -1 -10 729.000000 170.000000 823.000000 217.000000 1.553259 1.689670 3.992901 6.500585 1.522746 27.420012 0.088931 2.453871
Car -1 -1 -10 443.000000 169.000000 539.000000 202.000000 1.472812 1.683546 4.031845 -5.992560 1.373521 36.431648 -3.205108 2.418753
Car -1 -1 -10 628.000000 171.000000 648.000000 186.000000 1.490285 1.531940 3.681997 2.611582 1.337885 65.666023 -1.482058 1.927312
Car -1 -1 -10 751.000000 176.000000 886.000000 251.000000 1.512448 1.672487 3.893939 3.690453 1.660550 15.090128 -4.740352 1.664607
Car -1 -1 -10 785.000000 84.000000 1240.000000 368.000000 2.184724 1.946418 4.966418 2.787556 1.641662 5.465186 -1.530497 1.504341
Car -1 -1 -10 315.000000 170.000000 438.000000 227.000000 1.547589 1.509321 3.711427 -6.487439 1.518857 19.206392 0.216161 1.392374
Car -1 -1 -10 665.000000 171.000000 696.000000 190.000000 1.605540 1.641449 3.811413 5.374444 1.279192 52.298416 -1.414515 1.370970
Car -1 -1 -10 435.000000 176.000000 506.000000 207.000000 1.613699 1.595410 3.748319 -5.462804 1.494834 26.149656 -3.098820 1.341160
Car -1 -1 -10 491.000000 168.000000 552.000000 193.000000 1.527188 1.633890 3.594863 -4.773722 1.090846 42.146034 -1.676517 1.166047
Car -1 -1 -10 777.000000 173.000000 835.000000 251.000000 1.542558 1.616977 3.978535 5.661110 1.754302 20.672028 -1.356074 1.115504
Car -1 -1 -10 689.000000 169.000000 744.000000 207.000000 1.527865 1.519915 3.449708 5.130943 1.394420 32.711681 -1.564815 0.945602
