Car -1 -1 -10 698.000000 177.000000 775.000000 232.000000 1.489057 1.644486 3.996773 3.805250 1.714263 21.809523 -1.596229 2.951689
Car -1 -1 -10 726.000000 179.000000 841.000000 255.000000 1.505182 1.636029 3.626532 3.702612 1.700167 16.277098 -1.561384 2.924628
Car -1 -1 -10 145.000000 193.000000 383.000000 318.000000 1.376980 1.680281 4.361800 -4.902988 1.756352 10.786598 1.553839 2.912809
Car -1 -1 -10 450.000000 179.000000 512.000000 223.000000 1.501510 1.581367 3.530623 -4.693813 1.732322 26.715746 1.603351 2.903966
Car -1 -1 -10 760.000000 182.000000 968.000000 304.000000 1.472754 1.632906 3.985719 3.439948 1.671420 10.860046 -1.568556 2.895917
Car -1 -1 -10 484.000000 178.000000 534.000000 214.000000 1.490373 1.596047 3.797267 -4.491286 1.739071 31.344561 1.645775 2.878464
Car -1 -1 -10 847.000000 191.000000 1241.000000 374.000000 1.465144 1.651690 4.095263 3.433074 1.633949 5.647214 -1.596410 2.787271
Car -1 -1 -10 3.000000 196.000000 227.000000 374.000000 1.414357 1.633128 3.772460 -4.821635 1.823008 5.491899 1.569557 2.472945
Car -1 -1 -10 694.000000 177.000000 745.000000 219.000000 1.494516 1.609596 3.574347 4.176917 1.696583 27.243464 -1.554309 2.374976
Car -1 -1 -10 1085.000000 172.000000 1240.000000 250.000000 1.534083 1.634450 3.670945 13.507360 1.394983 17.383030 1.335683 1.625076
Car -1 -1 -10 612.000000 174.000000 648.000000 191.000000 1.527617 1.563856 3.710647 1.419591 1.461921 57.783089 -1.555758 1.517338
Car -1 -1 -10 999.000000 176.000000 1096.000000 216.000000 1.679307 1.555132 3.506063 12.310954 1.268468 20.723101 -0.475934 1.438184
