Car -1 -1 -10 664.000000 174.000000 756.000000 239.000000 1.441848 1.641437 3.678430 2.385890 1.494263 17.709475 -1.575092 2.937877
Car -1 -1 -10 639.000000 172.000000 692.000000 212.000000 1.551589 1.619347 3.740147 2.246012 1.554799 30.262794 -1.684479 2.909209
Car -1 -1 -10 515.000000 172.000000 557.000000 212.000000 1.544349 1.668547 3.593134 -3.188790 1.600357 31.314068 -1.676825 2.815514
Car -1 -1 -10 202.000000 179.000000 429.000000 311.000000 1.422152 1.552773 3.960782 -3.421157 1.589481 8.771434 -1.613974 2.814637
Car -1 -1 -10 0.000000 183.000000 410.000000 371.000000 1.592036 1.621359 3.887984 -2.730585 1.669631 4.267436 -1.498914 2.771778
Car -1 -1 -10 904.000000 198.000000 1241.000000 371.000000 1.509705 1.550063 3.682467 2.334794 1.696744 2.135814 -4.698488 2.039844
Car -1 -1 -10 540.000000 175.000000 567.000000 201.000000 1.537412 1.651029 3.725333 -3.666254 1.651952 45.363258 -1.677445 1.775881
Car -1 -1 -10 630.000000 173.000000 670.000000 206.000000 1.513089 1.677118 4.243300 1.805810 1.582341 36.826580 -1.702564 1.717020
Car -1 -1 -10 625.000000 169.000000 658.000000 198.000000 1.609958 1.680423 3.864260 2.201397 1.430123 46.906216 -1.428489 1.490534
Car -1 -1 -10 276.000000 178.000000 373.000000 234.000000 1.449299 1.560751 3.531330 -8.489647 1.625839 21.061598 1.636078 1.339212
