Car -1 -1 -10 672.000000 179.000000 751.000000 234.000000 1.551344 1.620120 3.677607 2.895508 1.717369 21.631084 -1.632011 2.937839
Car -1 -1 -10 304.000000 196.000000 418.000000 263.000000 1.507707 1.574159 3.573545 -6.253989 2.071701 18.175846 1.582998 2.920230
Car -1 -1 -10 444.000000 180.000000 496.000000 222.000000 1.580861 1.603826 3.893589 -6.145686 2.085959 31.894175 1.556328 2.899772
Car -1 -1 -10 385.000000 192.000000 461.000000 241.000000 1.435164 1.591958 3.946750 -6.150033 2.125906 23.722973 1.599815 2.898245
Car -1 -1 -10 472.000000 182.000000 515.000000 215.000000 1.585077 1.609691 3.849583 -6.309672 2.152094 38.555443 -1.551079 2.233116
Car -1 -1 -10 1110.000000 135.000000 1241.000000 188.000000 2.164569 1.805367 4.879491 24.619011 0.597075 31.329245 1.519722 2.130268
Car -1 -1 -10 529.000000 182.000000 552.000000 199.000000 1.466367 1.505649 3.629036 -6.187837 2.383281 64.188370 1.630911 1.686264
Car -1 -1 -10 563.000000 179.000000 584.000000 195.000000 1.482378 1.531889 3.624360 -3.611899 2.136986 69.865799 1.500494 1.359028
Car -1 -1 -10 497.000000 183.000000 530.000000 209.000000 1.549718 1.575646 3.420187 -6.476423 2.165680 45.659100 4.987639 1.317227
Car -1 -1 -10 630.000000 177.000000 650.000000 193.000000 1.439367 1.507331 3.796051 2.857261 1.905220 70.296471 1.607134 1.317059
Car -1 -1 -10 4.000000 201.000000 79.000000 249.000000 1.550472 1.622678 3.530534 -20.844141 2.625551 25.185663 4.668584 1.139816
Car -1 -1 -10 728.000000 171.000000 773.000000 191.000000 1.482225 1.501081 3.498052 7.883567 1.209055 41.724300 1.676874 1.088290
Car -1 -1 -10 686.000000 170.000000 726.000000 192.000000 1.563190 1.599085 3.495286 3.954622 0.961936 29.580524 -1.354554 0.962736
