Car -1 -1 -10 715.000000 185.000000 864.000000 292.000000 1.523914 1.635580 3.685395 2.927341 1.815346 12.669183 -1.570606 2.937224
Car -1 -1 -10 665.000000 182.000000 726.000000 229.000000 1.467959 1.628742 3.446099 2.834814 1.860921 24.652956 -1.597314 2.890471
Car -1 -1 -10 781.000000 205.000000 1108.000000 374.000000 1.490263 1.585600 3.448012 2.944424 1.821628 7.191414 -1.579871 2.863853
Car -1 -1 -10 352.000000 180.000000 478.000000 230.000000 1.543465 1.590171 4.029320 -6.274983 1.838998 23.274652 0.084579 2.840909
Car -1 -1 -10 646.000000 178.000000 687.000000 213.000000 1.651956 1.637396 3.755157 2.775130 1.937979 35.612385 -1.548488 2.808004
Car -1 -1 -10 15.000000 160.000000 310.000000 319.000000 1.912447 1.621745 3.943252 -5.844934 1.754158 8.810170 0.256452 2.499165
Car -1 -1 -10 158.000000 173.000000 417.000000 272.000000 1.544286 1.602996 4.258280 -6.465997 1.771934 15.354087 -3.190180 2.365435
Car -1 -1 -10 387.000000 177.000000 511.000000 220.000000 1.705758 1.674816 3.923152 -6.270504 1.848861 28.109913 -3.125358 2.350587
Car -1 -1 -10 936.000000 185.000000 1241.000000 374.000000 1.482788 1.579468 3.894638 2.718179 1.620750 2.030230 -1.556264 2.079367
Car -1 -1 -10 1.000000 178.000000 176.000000 366.000000 1.815049 1.740463 4.287074 -5.641968 1.741004 6.239183 1.510860 1.714064
Car -1 -1 -10 439.000000 181.000000 525.000000 214.000000 1.514890 1.583007 3.648832 -6.068417 2.027161 35.923878 -3.097396 1.528385
