Car -1 -1 -10 163.000000 197.000000 361.000000 299.000000 1.424628 1.610305 4.038326 -6.008295 1.946263 13.047935 1.596935 2.937519
Car -1 -1 -10 730.000000 178.000000 925.000000 299.000000 1.520861 1.628216 3.871989 3.063226 1.646384 10.939134 -1.606580 2.928897
Car -1 -1 -10 357.000000 176.000000 454.000000 243.000000 1.659171 1.634783 4.022682 -5.956681 1.873813 21.247011 1.549376 2.926565
Car -1 -1 -10 422.000000 180.000000 485.000000 225.000000 1.496925 1.563085 3.892898 -5.999365 1.899482 27.859241 1.608495 2.814184
Car -1 -1 -10 0.000000 209.000000 193.000000 374.000000 1.511123 1.611117 3.571954 -6.095570 1.955936 7.242002 1.603746 2.657802
Car -1 -1 -10 551.000000 178.000000 579.000000 200.000000 1.506906 1.671707 3.859604 -3.263320 1.967001 50.791515 1.543551 2.648039
Car -1 -1 -10 519.000000 180.000000 545.000000 200.000000 1.464915 1.563906 3.669062 -5.735126 2.117859 53.486153 1.616695 2.453643
Car -1 -1 -10 638.000000 175.000000 661.000000 193.000000 1.476637 1.605763 3.782935 3.347571 1.688591 60.186161 -1.554371 2.027104
Car -1 -1 -10 466.000000 181.000000 517.000000 210.000000 1.471908 1.569484 3.721458 -6.064950 2.031788 38.689114 1.548557 1.977040
Car -1 -1 -10 690.000000 167.000000 761.000000 190.000000 1.563363 1.669762 3.972952 8.658171 1.098750 56.043526 3.201597 1.678611
Car -1 -1 -10 880.000000 163.000000 974.000000 192.000000 1.498923 1.643456 3.832581 12.870248 0.973451 30.323225 -1.154779 1.327937
