Car -1 -1 -10 422.000000 182.000000 508.000000 244.000000 1.598741 1.610388 3.704327 -4.241906 1.957911 21.507298 1.643296 2.949034
Car -1 -1 -10 771.000000 187.000000 958.000000 301.000000 1.455211 1.679435 4.279170 3.763077 1.726275 11.381281 -1.517355 2.933853
Car -1 -1 -10 471.000000 181.000000 536.000000 229.000000 1.609305 1.597087 3.891903 -3.901887 1.945510 26.563316 1.593221 2.913569
Car -1 -1 -10 509.000000 184.000000 550.000000 220.000000 1.452245 1.688428 4.390332 -3.633344 2.062779 32.040737 1.627399 2.816259
Car -1 -1 -10 695.000000 173.000000 730.000000 208.000000 1.640037 1.685674 3.958886 5.518786 1.874791 39.603657 -1.565139 2.783433
Car -1 -1 -10 884.000000 208.000000 1235.000000 374.000000 1.440436 1.634446 3.905382 3.536548 1.740559 5.709011 -1.526170 2.783265
Car -1 -1 -10 527.000000 182.000000 567.000000 214.000000 1.524388 1.620278 4.028684 -3.208475 2.009614 36.220818 1.626718 2.756288
Car -1 -1 -10 593.000000 178.000000 620.000000 197.000000 1.501202 1.609352 3.767572 -0.601004 2.106407 62.645050 1.524448 1.871844
Car -1 -1 -10 121.000000 190.000000 269.000000 227.000000 1.504833 1.643558 4.021994 -14.796578 2.011451 26.185087 -3.216058 1.670181
Car -1 -1 -10 1183.000000 203.000000 1241.000000 268.000000 1.485809 1.518879 3.727466 15.253720 2.413324 19.109085 2.890941 1.140889
Car -1 -1 -10 306.000000 178.000000 378.000000 201.000000 1.650715 1.644959 4.006718 -12.685368 1.446876 33.504997 -2.568762 1.074160
Car -1 -1 -10 1180.000000 207.000000 1239.000000 353.000000 1.553133 1.587594 4.451709 9.353794 2.221508 10.553648 1.597846 0.981674
Car -1 -1 -10 608.000000 179.000000 630.000000 195.000000 1.500572 1.516763 3.501969 0.415660 2.088193 68.328476 1.567439 0.810777
