Car -1 -1 -10 711.000000 187.000000 878.000000 301.000000 1.494826 1.600026 3.595329 2.565859 1.720998 11.195557 -1.504954 2.917603
Car -1 -1 -10 445.000000 172.000000 541.000000 247.000000 1.664743 1.625484 3.944866 -2.866035 1.693916 18.548658 1.623986 2.914199
Car -1 -1 -10 781.000000 185.000000 1086.000000 374.000000 1.558712 1.575793 2.740036 2.470705 1.694903 6.324808 -1.556385 2.899575
Car -1 -1 -10 65.000000 172.000000 345.000000 265.000000 1.426786 1.677643 3.961538 -6.814690 1.508832 12.286747 -3.129709 2.860777
Car -1 -1 -10 516.000000 178.000000 568.000000 223.000000 1.437818 1.603134 3.893551 -2.532858 1.739773 26.462555 -1.490078 2.806457
Car -1 -1 -10 642.000000 176.000000 674.000000 203.000000 1.482212 1.648919 3.761181 2.880881 1.797676 43.297192 1.567085 2.714173
Car -1 -1 -10 571.000000 170.000000 598.000000 191.000000 1.517450 1.541522 3.538993 -1.969957 1.459409 61.824837 1.710538 1.841696
Car -1 -1 -10 642.000000 172.000000 659.000000 190.000000 1.513671 1.583626 3.769426 3.494857 1.497767 61.388039 -1.565374 1.494743
Car -1 -1 -10 854.000000 189.000000 990.000000 282.000000 1.561760 1.604304 4.392745 5.449112 1.613449 12.914013 4.775238 0.947906
Car -1 -1 -10 587.000000 172.000000 606.000000 189.000000 1.528718 1.594160 2.864423 -1.669251 1.058189 17.062031 2.182369 0.786841
