Car -1 -1 -10 405.000000 184.000000 504.000000 256.000000 1.508257 1.629838 3.307993 -3.657246 1.518560 17.616203 -1.562281 2.959031
Car -1 -1 -10 698.000000 192.000000 799.000000 264.000000 1.426443 1.583491 3.623420 2.986942 1.549191 15.923799 -1.558500 2.930194
Car -1 -1 -10 31.000000 196.000000 393.000000 375.000000 1.440571 1.615488 3.556733 -3.633524 1.576264 7.354090 -1.575642 2.923754
Car -1 -1 -10 646.000000 184.000000 692.000000 218.000000 1.447168 1.603982 4.210109 2.746598 1.443307 33.945827 -1.614449 2.900776
Car -1 -1 -10 468.000000 185.000000 528.000000 232.000000 1.500799 1.581702 3.853319 -3.938167 1.498139 26.126007 -1.545479 2.848247
Car -1 -1 -10 362.000000 186.000000 428.000000 225.000000 1.443243 1.633767 3.804401 -8.294274 1.505012 28.150007 -1.596231 2.767872
Car -1 -1 -10 229.000000 189.000000 348.000000 235.000000 1.448838 1.578605 3.653431 -7.916737 1.429156 17.783159 -1.547307 2.752195
Car -1 -1 -10 587.000000 183.000000 612.000000 204.000000 1.507556 1.629857 3.574393 -0.547045 1.366867 52.762192 -1.577012 2.600602
Car -1 -1 -10 495.000000 186.000000 539.000000 217.000000 1.557172 1.594868 3.454950 -4.571734 1.515176 36.841373 -1.579549 2.145774
Car -1 -1 -10 520.000000 186.000000 553.000000 208.000000 1.475394 1.592132 3.682730 -4.806056 1.477732 48.914734 1.362144 1.933062
Car -1 -1 -10 620.000000 185.000000 639.000000 200.000000 1.482825 1.617650 3.842434 2.122411 1.473853 66.290733 -1.570025 1.896873
Car -1 -1 -10 448.000000 179.000000 483.000000 206.000000 1.546680 1.596445 3.362626 -9.075213 1.164605 45.583126 -1.717821 1.519637
Car -1 -1 -10 579.000000 185.000000 596.000000 200.000000 1.485129 1.549768 3.609655 -1.489187 1.410948 59.984192 -1.534544 0.920846
