Car -1 -1 -10 369.000000 188.000000 490.000000 265.000000 1.425084 1.685673 4.227432 -3.884979 1.869351 16.057034 1.555922 2.940733
Car -1 -1 -10 194.000000 201.000000 350.000000 282.000000 1.407260 1.639930 4.062942 -6.871281 2.021039 14.959945 1.562915 2.850183
Car -1 -1 -10 455.000000 186.000000 520.000000 232.000000 1.428328 1.581354 3.696682 -4.232203 1.976796 24.871912 1.592800 2.848221
Car -1 -1 -10 633.000000 177.000000 677.000000 208.000000 1.565129 1.682219 3.611562 2.109405 1.759322 36.415955 -1.573783 2.799717
Car -1 -1 -10 735.000000 162.000000 861.000000 204.000000 1.582324 1.685347 4.132451 7.882853 1.286481 29.557491 3.108008 2.592745
Car -1 -1 -10 2.000000 221.000000 95.000000 369.000000 1.431805 1.599173 3.691119 -10.555497 2.935492 12.489166 1.481576 1.329656
Car -1 -1 -10 864.000000 156.000000 925.000000 177.000000 1.513549 1.605146 3.738090 20.102642 0.347738 50.830399 0.097991 1.289173
Car -1 -1 -10 891.000000 152.000000 947.000000 177.000000 1.511387 1.533278 3.461996 20.689264 0.218086 48.386528 3.343327 1.282322
Car -1 -1 -10 814.000000 157.000000 869.000000 182.000000 1.536844 1.652999 3.977995 20.735977 0.495269 63.924877 -0.007963 1.266962
Car -1 -1 -10 493.000000 182.000000 521.000000 204.000000 1.501200 1.585567 3.776353 -7.384091 2.223522 52.161228 1.620995 1.087691
Car -1 -1 -10 416.000000 189.000000 471.000000 224.000000 1.455231 1.586217 3.754180 -6.966877 2.157625 30.688871 -1.716151 1.001838
