Car -1 -1 -10 400.000000 188.000000 492.000000 259.000000 1.720751 1.601225 3.998208 -4.309750 2.146520 19.323908 1.572348 2.939256
Car -1 -1 -10 39.000000 204.000000 347.000000 374.000000 1.459442 1.635672 3.830165 -4.479928 1.970509 8.407145 1.525034 2.929732
Car -1 -1 -10 773.000000 182.000000 1067.000000 366.000000 1.599441 1.637509 3.641889 2.987949 1.714404 7.851434 -1.557593 2.927660
Car -1 -1 -10 699.000000 186.000000 793.000000 259.000000 1.482342 1.631581 3.750759 2.900154 1.831119 16.392185 -1.584424 2.924863
Car -1 -1 -10 281.000000 187.000000 440.000000 294.000000 1.782876 1.578095 3.832936 -4.479714 2.121195 13.843639 1.581634 2.908074
Car -1 -1 -10 673.000000 186.000000 759.000000 239.000000 1.557095 1.616589 3.789897 3.042699 1.966906 22.474192 -1.607136 2.895796
Car -1 -1 -10 1004.000000 181.000000 1241.000000 372.000000 1.458114 1.531198 3.596121 2.736145 1.701006 1.965171 1.595956 1.909636
Car -1 -1 -10 510.000000 190.000000 544.000000 210.000000 1.495231 1.608289 3.615424 -6.046105 2.778600 54.378601 -1.788088 1.835169
Car -1 -1 -10 584.000000 186.000000 606.000000 204.000000 1.478420 1.554078 3.489782 -1.334290 2.922787 70.298653 1.502925 1.414705
Car -1 -1 -10 628.000000 185.000000 653.000000 207.000000 1.563381 1.614004 3.826443 2.177482 2.483543 52.065033 -1.637787 1.383011
