Car -1 -1 -10 105.000000 186.000000 382.000000 279.000000 1.453247 1.683936 3.982503 -6.348368 1.693307 12.569712 -3.120680 2.816204
Car -1 -1 -10 806.000000 169.000000 1240.000000 373.000000 1.707128 1.607381 3.814240 2.577832 1.666829 4.009806 -1.573753 2.806336
Car -1 -1 -10 655.000000 178.000000 692.000000 205.000000 1.497067 1.619624 3.816669 3.264150 1.706296 37.888405 -1.614563 2.688993
Car -1 -1 -10 322.000000 179.000000 505.000000 230.000000 1.484537 1.599738 4.285884 -5.782371 1.697454 22.592258 0.075473 2.507151
Car -1 -1 -10 0.000000 197.000000 239.000000 346.000000 1.482438 1.588933 3.525369 -6.165239 1.717190 8.433736 -2.141911 2.335486
Car -1 -1 -10 402.000000 177.000000 515.000000 219.000000 1.483461 1.575993 4.109458 -5.872177 1.611558 27.812740 -6.275754 1.859104
Car -1 -1 -10 213.000000 184.000000 387.000000 249.000000 1.496559 1.606048 3.863311 -6.829261 1.678712 14.771278 -3.210332 1.815502
Car -1 -1 -10 438.000000 170.000000 535.000000 212.000000 1.458787 1.641001 4.058390 -5.585753 1.699973 32.340149 -0.030836 1.648842
Car -1 -1 -10 1.000000 196.000000 159.000000 296.000000 1.452150 1.586411 4.021629 -9.992459 1.950671 13.937561 -1.667947 1.479941
Car -1 -1 -10 502.000000 173.000000 568.000000 195.000000 1.515271 1.604105 3.501459 -5.214437 1.493910 52.459530 -1.554801 1.312976
Car -1 -1 -10 463.000000 173.000000 564.000000 205.000000 1.551073 1.742293 4.226253 -5.699033 1.748871 46.322342 -3.123820 1.296882
