Car -1 -1 -10 666.000000 180.000000 734.000000 231.000000 1.475986 1.616783 3.825482 2.709887 1.754960 22.645340 -1.574877 2.939999
Car -1 -1 -10 12.000000 206.000000 354.000000 374.000000 1.431336 1.602355 3.736584 -3.822384 1.816449 6.939860 1.583911 2.895590
Car -1 -1 -10 265.000000 196.000000 387.000000 270.000000 1.527087 1.623742 3.698330 -6.292568 2.056660 16.081963 1.566509 2.889559
Car -1 -1 -10 875.000000 164.000000 1118.000000 237.000000 1.476044 1.678227 4.555127 8.297440 1.362244 15.636079 3.165747 2.831954
Car -1 -1 -10 385.000000 184.000000 475.000000 236.000000 1.433979 1.668438 4.440310 -6.414604 2.068088 24.116463 1.547458 2.642089
Car -1 -1 -10 470.000000 184.000000 512.000000 213.000000 1.524722 1.580284 3.848896 -6.343540 2.139777 38.360310 1.573555 2.415278
Car -1 -1 -10 776.000000 163.000000 913.000000 211.000000 1.642587 1.670786 4.188892 8.059985 1.387066 24.904837 3.092228 2.399994
Car -1 -1 -10 842.000000 160.000000 1011.000000 229.000000 1.754990 1.651619 4.209697 8.066576 1.421205 18.617037 3.177568 2.044306
Car -1 -1 -10 1010.000000 151.000000 1112.000000 198.000000 1.560570 1.601661 3.414738 21.556318 0.705775 35.192009 -1.452482 1.609437
Car -1 -1 -10 1040.000000 149.000000 1152.000000 189.000000 1.481444 1.598905 3.828708 22.141222 0.588951 31.720394 -0.406732 1.305604
Car -1 -1 -10 491.000000 184.000000 521.000000 209.000000 1.445953 1.627673 3.892743 -6.301167 2.195128 43.853981 -1.513844 1.267958
Car -1 -1 -10 704.000000 168.000000 764.000000 191.000000 1.499695 1.648097 4.165844 8.651908 1.303499 50.583775 -0.017028 1.209223
Car -1 -1 -10 1169.000000 134.000000 1239.000000 187.000000 1.844769 1.786865 4.254949 21.351213 0.473858 25.236963 -1.680832 1.010882
Car -1 -1 -10 633.000000 178.000000 652.000000 195.000000 1.487617 1.627939 3.768550 3.107602 1.932852 68.592361 -1.402284 0.909111
