Car -1 -1 -10 702.000000 169.000000 842.000000 283.000000 1.634531 1.634409 3.428673 2.743680 1.656619 12.587505 -1.615451 2.939160
Car -1 -1 -10 660.000000 178.000000 714.000000 218.000000 1.435768 1.614467 3.585332 2.672114 1.609081 26.452717 -1.602555 2.918031
Car -1 -1 -10 37.000000 178.000000 388.000000 285.000000 1.513747 1.659173 4.298580 -6.163888 1.647901 11.290398 0.080316 2.833044
Car -1 -1 -10 864.000000 196.000000 1239.000000 374.000000 1.531320 1.687153 3.781382 2.757033 1.661029 3.830513 -1.600043 2.740107
Car -1 -1 -10 338.000000 174.000000 496.000000 226.000000 1.475214 1.657282 4.484795 -6.034530 1.642883 23.926025 -6.226190 2.576790
Car -1 -1 -10 395.000000 172.000000 510.000000 212.000000 1.503261 1.632936 4.123456 -6.312126 1.479760 28.644176 0.187869 2.280047
Car -1 -1 -10 192.000000 171.000000 403.000000 255.000000 1.631348 1.606902 4.078918 -6.229225 1.683403 13.934604 0.073127 2.255258
Car -1 -1 -10 627.000000 172.000000 649.000000 191.000000 1.482620 1.510492 3.482985 2.355761 1.533382 59.951248 -1.537450 1.892322
Car -1 -1 -10 708.000000 171.000000 780.000000 218.000000 1.596640 1.638693 3.837323 5.957814 1.517664 31.458412 0.088345 1.550148
Car -1 -1 -10 440.000000 172.000000 524.000000 203.000000 1.500932 1.637623 3.511397 -6.075566 1.450912 34.352879 1.762846 1.471990
