Car -1 -1 -10 718.000000 173.000000 867.000000 274.000000 1.511926 1.612966 3.731503 2.960319 1.545671 12.454322 -1.576738 2.945173
Car -1 -1 -10 687.000000 173.000000 786.000000 238.000000 1.508646 1.639844 3.976338 3.088391 1.521702 18.536459 -1.624528 2.924092
Car -1 -1 -10 331.000000 175.000000 469.000000 264.000000 1.727378 1.622817 4.001169 -4.355844 1.707282 15.454985 1.589734 2.917217
Car -1 -1 -10 147.000000 167.000000 384.000000 332.000000 1.785861 1.574148 3.615984 -4.421041 1.787536 9.945972 1.547377 2.916106
Car -1 -1 -10 890.000000 174.000000 1229.000000 374.000000 1.588865 1.641873 3.906098 2.920961 1.651259 3.861390 -1.551606 2.764472
Car -1 -1 -10 0.000000 208.000000 208.000000 372.000000 1.467589 1.661772 3.884986 -4.490242 1.766745 4.786457 1.521708 2.590359
Car -1 -1 -10 505.000000 176.000000 538.000000 198.000000 1.462180 1.519441 3.604549 -6.048902 1.730114 50.413750 -1.828138 2.120822
Car -1 -1 -10 628.000000 172.000000 658.000000 196.000000 1.500226 1.550153 3.629284 2.216905 1.518260 47.931747 -1.507588 1.777951
Car -1 -1 -10 646.000000 171.000000 682.000000 204.000000 1.565385 1.622655 3.887577 2.736030 1.512660 33.529976 1.536210 1.493911
Car -1 -1 -10 582.000000 172.000000 605.000000 191.000000 1.471180 1.569961 3.422172 -1.405099 1.580765 66.301270 1.434927 1.244318
