Car -1 -1 -10 679.000000 166.000000 770.000000 243.000000 1.650858 1.615520 3.447631 2.735680 1.585532 17.577879 -1.622595 2.943569
Car -1 -1 -10 652.000000 173.000000 694.000000 206.000000 1.483223 1.600168 3.464371 2.646734 1.430914 31.328705 -1.555432 2.900018
Car -1 -1 -10 746.000000 185.000000 1014.000000 353.000000 1.462597 1.642901 4.140857 2.770864 1.613167 8.485429 -1.599202 2.891939
Car -1 -1 -10 382.000000 169.000000 513.000000 213.000000 1.456149 1.659711 4.435482 -6.100878 1.403448 28.779278 -6.243618 2.511652
Car -1 -1 -10 191.000000 174.000000 440.000000 255.000000 1.599929 1.666358 4.294884 -6.222135 1.616916 16.214960 0.094688 2.503495
Car -1 -1 -10 626.000000 168.000000 648.000000 186.000000 1.488552 1.554092 3.791795 2.512623 1.152587 65.238831 -1.513050 2.354524
Car -1 -1 -10 910.000000 171.000000 1241.000000 374.000000 1.518483 1.560293 3.606122 2.586944 1.491167 2.615429 -1.469371 2.330403
Car -1 -1 -10 382.000000 169.000000 513.000000 213.000000 1.432727 1.571163 3.905679 -6.167994 1.485239 26.672123 -0.035542 2.322612
Car -1 -1 -10 1.000000 220.000000 59.000000 364.000000 1.489397 1.608395 4.000188 -5.339713 1.754100 4.245878 1.569485 1.535826
Car -1 -1 -10 285.000000 165.000000 454.000000 230.000000 1.552318 1.570557 4.050219 -6.266088 1.525071 18.933058 0.137048 1.462972
