Car -1 -1 -10 773.000000 175.000000 1096.000000 367.000000 1.514763 1.632342 3.822594 2.976370 1.620077 7.589327 -1.605225 2.937935
Car -1 -1 -10 0.000000 203.000000 290.000000 352.000000 1.443140 1.631758 3.967364 -6.055746 1.905766 9.678511 1.593136 2.929628
Car -1 -1 -10 296.000000 175.000000 424.000000 256.000000 1.544500 1.633872 4.069479 -6.066798 1.846245 17.901838 1.591725 2.887558
Car -1 -1 -10 508.000000 180.000000 538.000000 201.000000 1.497124 1.491278 3.678884 -6.042083 1.974388 50.131195 1.573644 2.812725
Car -1 -1 -10 382.000000 179.000000 465.000000 231.000000 1.552334 1.576559 3.941086 -6.061199 1.846474 24.629467 1.504561 2.726035
Car -1 -1 -10 537.000000 178.000000 570.000000 202.000000 1.482581 1.744456 3.847611 -3.401486 1.845408 45.264809 1.588060 2.709453
Car -1 -1 -10 635.000000 175.000000 658.000000 193.000000 1.512209 1.593668 3.502174 2.988178 1.683507 56.777386 -1.495438 2.219106
Car -1 -1 -10 691.000000 167.000000 769.000000 192.000000 1.482040 1.782702 4.364820 8.373569 1.281157 49.904823 3.122761 1.992650
Car -1 -1 -10 450.000000 182.000000 503.000000 212.000000 1.772431 1.685202 4.240318 -9.467620 2.407448 51.758984 1.939462 1.712296
Car -1 -1 -10 943.000000 159.000000 1085.000000 199.000000 1.492507 1.708274 4.194654 14.243233 0.991929 25.330181 0.466048 1.395312
Car -1 -1 -10 557.000000 177.000000 580.000000 195.000000 1.497330 1.545417 3.706086 -3.336392 1.875786 59.800938 -1.637144 1.137015
