Car -1 -1 -10 556.000000 178.000000 645.000000 248.000000 1.532120 1.645404 3.842132 -0.341760 1.466762 18.737543 -1.709084 2.942495
Car -1 -1 -10 170.000000 186.000000 330.000000 274.000000 1.388899 1.625542 3.900771 -6.925382 1.510035 14.480766 -1.730620 2.937921
Car -1 -1 -10 287.000000 182.000000 377.000000 234.000000 1.463818 1.614617 4.313921 -8.721076 1.442497 22.903334 -1.704984 2.859285
Car -1 -1 -10 458.000000 180.000000 512.000000 229.000000 1.505821 1.622321 3.565931 -4.189307 1.416340 25.415640 -1.671870 2.835504
Car -1 -1 -10 370.000000 183.000000 415.000000 215.000000 1.431579 1.598616 4.239173 -10.380163 1.347023 34.722980 -1.729254 2.770260
Car -1 -1 -10 2.000000 201.000000 192.000000 362.000000 1.473693 1.584186 3.733546 -6.227120 1.648469 7.581912 1.448899 2.457541
Car -1 -1 -10 514.000000 182.000000 536.000000 200.000000 1.485240 1.572354 3.733656 -6.735848 1.226809 58.495548 -1.733393 2.437524
Car -1 -1 -10 0.000000 162.000000 144.000000 268.000000 1.608807 1.674371 4.207258 -11.359118 1.209124 14.605618 -1.716232 2.301497
Car -1 -1 -10 254.000000 170.000000 320.000000 210.000000 1.534932 1.597313 3.678276 -14.550703 0.882923 32.668755 -1.691823 1.837191
Car -1 -1 -10 395.000000 182.000000 428.000000 209.000000 1.507952 1.626512 4.140378 -11.860566 1.454600 43.644478 -1.901155 1.089781
