Car -1 -1 -10 242.000000 176.000000 397.000000 270.000000 1.679564 1.675977 4.198831 -6.120527 1.844400 15.701388 1.564611 2.926492
Car -1 -1 -10 527.000000 179.000000 565.000000 204.000000 1.494461 1.567508 3.835976 -3.643202 1.864504 41.702339 1.618970 2.899004
Car -1 -1 -10 813.000000 175.000000 1241.000000 374.000000 1.506408 1.614349 3.869058 2.899499 1.620749 5.348440 -1.626187 2.865860
Car -1 -1 -10 351.000000 179.000000 446.000000 238.000000 1.687241 1.608148 3.964514 -6.293839 1.937075 22.287062 1.579052 2.811747
Car -1 -1 -10 1.000000 211.000000 217.000000 371.000000 1.467473 1.617925 3.914441 -6.089471 1.922844 7.638776 1.563328 2.801157
Car -1 -1 -10 499.000000 180.000000 529.000000 203.000000 1.460296 1.506438 3.612981 -6.348564 2.046193 47.799976 1.536492 2.789145
Car -1 -1 -10 442.000000 183.000000 493.000000 215.000000 1.467448 1.609147 4.060910 -6.506971 1.972365 32.866859 1.581062 2.661843
Car -1 -1 -10 693.000000 166.000000 770.000000 192.000000 1.557076 1.767191 4.316359 8.155711 1.315476 47.723484 3.149370 2.451844
Car -1 -1 -10 633.000000 175.000000 658.000000 194.000000 1.520083 1.627056 3.660373 2.751479 1.667890 54.705914 -1.544829 2.393604
Car -1 -1 -10 996.000000 153.000000 1200.000000 225.000000 1.672283 1.757592 4.216650 15.231583 1.139258 22.477802 0.582146 1.551455
Car -1 -1 -10 549.000000 177.000000 574.000000 197.000000 1.499990 1.551389 3.885611 -3.632849 1.895766 55.798180 -1.696821 1.307827
