Car -1 -1 -10 0.000000 177.000000 365.000000 296.000000 1.575742 1.593900 4.110353 -6.323930 1.622727 10.333589 -0.013352 2.858477
Car -1 -1 -10 279.000000 179.000000 462.000000 243.000000 1.556309 1.646805 4.260880 -5.915910 1.737887 18.247263 -0.075993 2.832515
Car -1 -1 -10 656.000000 179.000000 712.000000 222.000000 1.458053 1.626921 3.697416 2.552809 1.694008 25.988979 -1.597237 2.810823
Car -1 -1 -10 393.000000 176.000000 517.000000 217.000000 1.518671 1.686508 4.369895 -5.911137 1.717942 27.686939 -0.095062 2.431059
Car -1 -1 -10 0.000000 168.000000 192.000000 335.000000 1.523609 1.665484 4.257570 -7.286407 1.578161 7.637071 -3.276995 1.897931
Car -1 -1 -10 150.000000 184.000000 395.000000 259.000000 1.482408 1.654876 3.679604 -6.078074 1.651406 12.689631 -3.038099 1.825632
Car -1 -1 -10 467.000000 173.000000 544.000000 202.000000 1.514137 1.693859 4.241690 -6.128059 1.777531 44.776943 -0.040812 1.681938
Car -1 -1 -10 626.000000 176.000000 644.000000 190.000000 1.485230 1.645752 3.911423 2.504274 1.747595 69.572159 -1.540406 1.612942
Car -1 -1 -10 720.000000 176.000000 820.000000 238.000000 1.522282 1.601753 4.045029 4.506572 1.721159 19.953188 -1.032045 1.519037
Car -1 -1 -10 703.000000 176.000000 756.000000 210.000000 1.505778 1.600473 3.636295 5.788747 1.733788 36.416119 -1.448333 1.260430
Car -1 -1 -10 452.000000 178.000000 518.000000 206.000000 1.789301 1.668329 4.000336 -5.498653 1.753750 29.932716 -3.216271 1.126619
Car -1 -1 -10 712.000000 175.000000 779.000000 222.000000 1.676407 1.704591 4.083265 4.932794 1.783010 25.544422 2.164067 0.992768
