Car -1 -1 -10 759.000000 183.000000 892.000000 278.000000 1.554278 1.593185 3.913880 4.018266 1.812696 13.854944 1.584751 2.934624
Car -1 -1 -10 721.000000 183.000000 802.000000 242.000000 1.419587 1.635118 4.106328 3.987615 1.778137 19.821714 -1.532163 2.933932
Car -1 -1 -10 439.000000 160.000000 557.000000 261.000000 1.895255 1.742026 4.490327 -2.345277 1.692672 16.259281 -1.533752 2.905158
Car -1 -1 -10 555.000000 174.000000 595.000000 205.000000 1.593244 1.621660 3.728015 -1.809896 1.678496 37.694244 1.631263 2.882480
Car -1 -1 -10 877.000000 176.000000 1195.000000 374.000000 1.694229 1.675733 3.733015 3.493952 1.746069 7.272706 -1.623272 2.826163
Car -1 -1 -10 713.000000 179.000000 767.000000 233.000000 1.498048 1.633476 3.514400 4.403414 1.821911 25.202957 -1.540897 2.823548
Car -1 -1 -10 0.000000 199.000000 376.000000 374.000000 1.479997 1.482986 3.268365 -2.897838 1.779370 4.970466 1.559880 2.755598
Car -1 -1 -10 696.000000 177.000000 739.000000 216.000000 1.572744 1.616324 3.558558 4.656025 1.820861 31.799105 -1.585530 2.513974
Car -1 -1 -10 682.000000 177.000000 723.000000 210.000000 1.517595 1.561218 3.595137 4.477296 1.737334 36.374901 -1.566158 2.019888
Car -1 -1 -10 674.000000 175.000000 709.000000 203.000000 1.515511 1.564626 3.799461 4.550843 1.711261 42.121109 -1.538367 1.253568
