Car -1 -1 -10 739.000000 179.000000 997.000000 349.000000 1.478782 1.556417 3.538382 2.554366 1.589564 8.036438 -1.600750 2.915789
Car -1 -1 -10 312.000000 182.000000 511.000000 308.000000 1.489109 1.605033 4.033010 -2.715552 1.624935 10.386646 -1.510966 2.900582
Car -1 -1 -10 661.000000 174.000000 721.000000 221.000000 1.508680 1.611614 3.513923 2.614457 1.525751 23.809078 -1.610472 2.877236
Car -1 -1 -10 0.000000 180.000000 424.000000 374.000000 1.509044 1.579909 3.535877 -2.544731 1.627114 5.093218 -1.678637 2.789833
Car -1 -1 -10 641.000000 173.000000 686.000000 205.000000 1.576345 1.643392 4.053977 2.710881 1.605422 36.466831 -1.662339 2.761345
Car -1 -1 -10 540.000000 173.000000 575.000000 205.000000 1.538866 1.621687 3.983928 -2.880782 1.606830 37.662926 -1.742350 2.466388
Car -1 -1 -10 855.000000 150.000000 1241.000000 374.000000 1.543496 1.632774 3.747911 2.286900 1.491127 2.746578 -1.588830 2.454367
Car -1 -1 -10 402.000000 181.000000 506.000000 229.000000 1.452004 1.533527 3.489018 -3.228304 1.440795 15.337808 -1.595655 2.022418
Car -1 -1 -10 634.000000 172.000000 666.000000 200.000000 1.675908 1.642613 3.821782 2.803943 1.637786 52.880165 -1.473068 1.461157
Car -1 -1 -10 9.000000 188.000000 203.000000 345.000000 1.621314 1.729726 4.305676 -5.808293 1.496028 7.524787 -1.631632 1.216023
Car -1 -1 -10 558.000000 174.000000 582.000000 197.000000 1.565610 1.634004 4.046124 -2.645052 1.699173 51.712498 -1.448181 1.181020
