Car -1 -1 -10 731.000000 178.000000 862.000000 261.000000 1.478335 1.602377 3.644847 3.506901 1.639863 14.673345 -1.574464 2.931653
Car -1 -1 -10 768.000000 184.000000 1044.000000 328.000000 1.496902 1.628419 3.934807 3.351505 1.627970 9.182137 -1.623063 2.925584
Car -1 -1 -10 248.000000 184.000000 403.000000 271.000000 1.472750 1.544137 3.331629 -5.233757 1.687901 13.752271 1.574282 2.899486
Car -1 -1 -10 350.000000 179.000000 457.000000 245.000000 1.494737 1.577214 3.841300 -5.204036 1.672299 18.366224 1.605773 2.882277
Car -1 -1 -10 960.000000 192.000000 1236.000000 374.000000 1.517280 1.601411 3.619186 3.459027 1.672934 3.987025 -1.530126 2.469686
Car -1 -1 -10 479.000000 176.000000 531.000000 197.000000 1.474320 1.586649 4.303724 -7.244103 1.787596 50.527206 0.125185 2.120255
Car -1 -1 -10 600.000000 172.000000 652.000000 191.000000 1.500257 1.615785 4.279921 1.614535 1.551228 63.251377 -5.297457 1.396193
Car -1 -1 -10 795.000000 183.000000 882.000000 233.000000 1.591855 1.606644 3.629018 8.295273 1.865486 26.448120 -0.765585 1.307033
Car -1 -1 -10 810.000000 185.000000 872.000000 214.000000 1.489735 1.604437 4.068550 10.052177 2.030475 32.873878 1.750594 1.218986
Car -1 -1 -10 455.000000 177.000000 492.000000 192.000000 1.581506 1.625263 3.905146 -12.840685 1.769174 67.580673 -1.840327 1.156515
Car -1 -1 -10 890.000000 185.000000 1146.000000 343.000000 1.417866 1.614986 4.560468 6.993531 2.129140 11.661028 2.482038 0.931050
