Car -1 -1 -10 699.000000 175.000000 798.000000 244.000000 1.558017 1.634689 3.840754 3.227473 1.662781 17.967207 -1.566180 2.946592
Car -1 -1 -10 735.000000 175.000000 896.000000 278.000000 1.434056 1.636629 3.887076 3.265687 1.573284 12.496163 -1.581444 2.943640
Car -1 -1 -10 60.000000 201.000000 320.000000 324.000000 1.438806 1.622019 4.138619 -5.940726 1.905252 10.815650 1.563587 2.940781
Car -1 -1 -10 309.000000 191.000000 436.000000 259.000000 1.454711 1.612891 4.173351 -5.788923 1.967885 18.295107 1.609832 2.940435
Car -1 -1 -10 396.000000 188.000000 475.000000 236.000000 1.469645 1.539900 3.582611 -5.768015 1.995689 24.227657 1.598993 2.906555
Car -1 -1 -10 673.000000 178.000000 725.000000 219.000000 1.432757 1.607687 3.797879 3.286150 1.720391 27.882664 1.518545 2.905754
Car -1 -1 -10 460.000000 184.000000 517.000000 218.000000 1.559724 1.588614 4.039679 -5.662597 2.052762 33.303513 1.686612 2.813662
Car -1 -1 -10 1035.000000 142.000000 1241.000000 244.000000 1.464123 1.622482 4.001886 9.181866 1.025774 11.587341 -3.174926 2.636747
Car -1 -1 -10 658.000000 179.000000 704.000000 211.000000 1.520982 1.599159 3.778712 3.265491 1.795172 33.731033 -1.629011 2.614357
Car -1 -1 -10 909.000000 153.000000 1176.000000 241.000000 1.468275 1.637956 4.286451 8.396105 1.146909 14.247705 3.145502 2.337334
Car -1 -1 -10 648.000000 177.000000 681.000000 202.000000 1.479582 1.585554 3.869857 3.132910 1.721765 42.346519 -1.597472 2.170053
Car -1 -1 -10 574.000000 175.000000 609.000000 192.000000 1.496939 1.583970 3.584253 -1.566939 1.813020 70.408112 4.202792 1.301064
Car -1 -1 -10 0.000000 240.000000 51.000000 369.000000 1.458479 1.635180 4.046874 -5.860167 1.872258 4.739526 1.510337 1.210409
