Car -1 -1 -10 137.000000 178.000000 401.000000 262.000000 1.437894 1.686710 4.418117 -6.690331 1.602437 14.211390 -3.146911 2.871921
Car -1 -1 -10 937.000000 162.000000 1241.000000 340.000000 1.734528 1.700670 4.249423 6.462485 1.661580 8.312004 3.146669 2.731429
Car -1 -1 -10 293.000000 171.000000 476.000000 238.000000 1.716045 1.678272 4.060207 -5.895308 1.614875 19.375700 -3.258283 2.666804
Car -1 -1 -10 669.000000 133.000000 801.000000 246.000000 2.686603 2.042241 5.258406 2.743700 1.918738 18.094948 -1.576542 2.440254
Car -1 -1 -10 416.000000 174.000000 497.000000 210.000000 1.522618 1.599235 3.879651 -7.281844 1.674613 34.856937 -2.929995 2.042445
Car -1 -1 -10 461.000000 175.000000 526.000000 206.000000 1.485152 1.616491 3.659699 -6.031473 1.691360 37.872192 0.771819 1.988230
Car -1 -1 -10 663.000000 165.000000 742.000000 228.000000 1.555891 1.647446 3.594284 2.730389 1.801244 25.592491 1.508685 1.804772
Car -1 -1 -10 1.000000 188.000000 139.000000 354.000000 1.450250 1.599420 3.995198 -7.062926 1.598025 7.134740 -3.160909 1.798065
Car -1 -1 -10 630.000000 175.000000 667.000000 197.000000 1.473576 1.566561 3.692102 2.654187 1.732317 52.970119 -1.398691 1.471800
Car -1 -1 -10 646.000000 166.000000 713.000000 210.000000 2.178909 1.731626 4.180296 2.946887 1.845429 34.441673 -1.447804 1.322960
