Car -1 -1 -10 688.000000 183.000000 797.000000 258.000000 1.464001 1.614529 3.466068 2.814669 1.686325 15.623444 -1.586599 2.960269
Car -1 -1 -10 113.000000 174.000000 401.000000 261.000000 1.584472 1.643955 4.273838 -6.643619 1.624156 14.265646 0.050884 2.899081
Car -1 -1 -10 656.000000 172.000000 714.000000 221.000000 1.672883 1.637753 3.569645 2.614614 1.722776 26.496359 -1.578063 2.880674
Car -1 -1 -10 898.000000 190.000000 1230.000000 374.000000 1.486250 1.659608 3.731581 2.822098 1.626043 3.661256 -1.576898 2.667479
Car -1 -1 -10 248.000000 166.000000 455.000000 237.000000 1.720030 1.709030 4.068610 -6.422287 1.629889 19.073063 -3.123823 2.557402
Car -1 -1 -10 0.000000 171.000000 234.000000 319.000000 1.504207 1.626384 3.923994 -6.986820 1.619215 9.527726 -2.913909 2.357152
Car -1 -1 -10 365.000000 174.000000 496.000000 222.000000 1.657020 1.659407 4.095386 -6.350333 1.759761 26.805786 -3.153372 2.347135
Car -1 -1 -10 646.000000 176.000000 693.000000 213.000000 1.541718 1.632849 4.004255 2.653242 1.761988 32.493397 -1.603900 1.836216
Car -1 -1 -10 637.000000 172.000000 677.000000 203.000000 1.603003 1.602317 3.365682 2.661294 1.682556 41.745914 -1.604748 1.754323
Car -1 -1 -10 428.000000 174.000000 530.000000 208.000000 1.643369 1.692569 4.316264 -6.212962 1.724536 35.968235 -3.055099 1.515010
