Car -1 -1 -10 433.000000 192.000000 490.000000 229.000000 1.506029 1.573355 3.852920 -6.198706 2.278096 29.963774 1.595766 2.900681
Car -1 -1 -10 660.000000 177.000000 716.000000 219.000000 1.545113 1.582659 3.558283 2.816598 1.790308 27.999399 -1.617070 2.900039
Car -1 -1 -10 387.000000 194.000000 462.000000 243.000000 1.470071 1.580756 3.465036 -6.244910 2.217695 24.491795 1.596881 2.889186
Car -1 -1 -10 1028.000000 136.000000 1137.000000 182.000000 1.933642 1.721799 4.493778 24.518435 0.161847 37.537498 1.540324 2.786833
Car -1 -1 -10 79.000000 205.000000 174.000000 243.000000 1.460338 1.606784 3.860285 -20.800737 2.963352 31.346361 -1.557695 2.778196
Car -1 -1 -10 27.000000 210.000000 119.000000 247.000000 1.459540 1.595430 3.604850 -23.581791 3.137059 32.094669 -1.692823 2.215042
Car -1 -1 -10 0.000000 211.000000 67.000000 250.000000 1.474238 1.592296 3.500345 -25.793505 3.227881 31.843010 -1.558413 1.968341
Car -1 -1 -10 473.000000 183.000000 515.000000 216.000000 1.549161 1.592095 3.933974 -6.090056 2.252343 38.390770 1.620795 1.738609
Car -1 -1 -10 142.000000 206.000000 233.000000 241.000000 1.501009 1.634048 3.764541 -18.037745 2.898096 31.319157 -1.478631 1.522246
Car -1 -1 -10 537.000000 182.000000 556.000000 199.000000 1.445624 1.432902 3.487147 -6.327579 2.525656 70.254036 1.461196 1.056397
Car -1 -1 -10 492.000000 185.000000 526.000000 211.000000 1.532947 1.566378 3.489309 -7.111712 2.513509 52.147881 1.025323 0.971999
Car -1 -1 -10 628.000000 177.000000 646.000000 193.000000 1.662895 1.608071 3.744586 2.390401 1.682568 56.161167 -1.602525 0.856898
