Car -1 -1 -10 54.000000 201.000000 304.000000 327.000000 1.515278 1.547050 3.501757 -6.059652 1.962525 10.766916 1.609379 2.940048
Car -1 -1 -10 392.000000 178.000000 470.000000 235.000000 1.686894 1.644577 4.008626 -5.972811 1.925247 24.450737 1.591233 2.927831
Car -1 -1 -10 271.000000 195.000000 407.000000 270.000000 1.437116 1.631426 4.056228 -6.015811 1.990261 16.253651 1.602384 2.912189
Car -1 -1 -10 702.000000 178.000000 842.000000 268.000000 1.503241 1.633821 3.813902 3.022969 1.651552 14.154451 -1.624972 2.909667
Car -1 -1 -10 441.000000 180.000000 497.000000 221.000000 1.572230 1.659153 3.884512 -6.096542 2.005222 31.045506 1.601184 2.839108
Car -1 -1 -10 557.000000 179.000000 583.000000 198.000000 1.488911 1.583562 3.921171 -3.102957 2.042071 56.501644 1.623279 2.470354
Car -1 -1 -10 525.000000 180.000000 549.000000 199.000000 1.480882 1.531003 3.808639 -5.845494 2.140011 56.760296 1.556037 2.466063
Car -1 -1 -10 637.000000 176.000000 659.000000 192.000000 1.501106 1.629791 3.713857 3.210028 1.758056 63.414536 -1.532171 2.077378
Car -1 -1 -10 483.000000 182.000000 523.000000 208.000000 1.496250 1.699136 3.925049 -6.173280 2.016790 41.919727 1.588706 1.818540
Car -1 -1 -10 683.000000 168.000000 755.000000 189.000000 1.590255 1.701591 4.146009 8.717080 1.163934 59.441509 3.201585 1.405957
Car -1 -1 -10 827.000000 159.000000 905.000000 184.000000 1.539218 1.659615 4.367754 21.224285 0.490843 58.489101 3.103952 1.117316
