Car -1 -1 -10 669.000000 177.000000 743.000000 230.000000 1.560931 1.639035 3.760878 2.896765 1.714712 22.759504 -1.634209 2.939183
Car -1 -1 -10 321.000000 194.000000 425.000000 258.000000 1.496332 1.561767 3.464286 -6.233379 2.035336 19.232298 1.595709 2.916814
Car -1 -1 -10 392.000000 191.000000 469.000000 236.000000 1.479344 1.596250 3.765413 -6.175939 2.042099 24.700010 1.597013 2.910036
Car -1 -1 -10 448.000000 178.000000 499.000000 220.000000 1.543578 1.600673 4.262395 -6.147883 1.987431 32.948990 1.508914 2.739730
Car -1 -1 -10 475.000000 181.000000 518.000000 212.000000 1.515159 1.615760 3.614068 -6.307073 2.109845 39.765034 1.512442 2.305843
Car -1 -1 -10 1083.000000 134.000000 1223.000000 184.000000 2.033894 1.734443 4.599060 24.641447 0.355547 32.208447 1.541931 2.055212
Car -1 -1 -10 0.000000 202.000000 102.000000 248.000000 1.581714 1.684231 4.178015 -20.797218 2.656616 26.210276 -1.556719 1.659705
Car -1 -1 -10 715.000000 169.000000 764.000000 192.000000 1.538760 1.681300 3.972004 7.683792 1.209575 43.428925 -1.292390 1.194648
Car -1 -1 -10 530.000000 179.000000 553.000000 197.000000 1.482292 1.584869 3.922576 -6.314926 2.226452 65.300835 1.523063 1.030143
Car -1 -1 -10 501.000000 182.000000 532.000000 205.000000 1.482960 1.538615 4.468502 -6.374523 2.134532 49.854610 1.426921 0.850800
Car -1 -1 -10 564.000000 177.000000 584.000000 193.000000 1.474177 1.569165 3.783378 -3.631552 1.883542 68.986366 4.649567 0.828872
Car -1 -1 -10 629.000000 175.000000 649.000000 191.000000 1.643727 1.684725 3.811975 3.734162 1.601995 66.061516 0.929363 0.768266
