Car -1 -1 -10 540.000000 188.000000 681.000000 270.000000 1.386631 1.612347 3.746103 -0.206982 1.697423 14.093671 -1.946263 2.912378
Car -1 -1 -10 442.000000 181.000000 496.000000 221.000000 1.414197 1.618751 3.581517 -5.785565 1.781415 28.282995 -1.922147 2.895138
Car -1 -1 -10 255.000000 183.000000 300.000000 214.000000 1.651756 1.566105 3.581260 -18.727348 2.246056 40.318058 1.296733 2.864168
Car -1 -1 -10 610.000000 165.000000 716.000000 206.000000 1.501387 1.676485 4.074245 2.298327 1.320475 30.305586 -2.760749 2.822682
Car -1 -1 -10 7.000000 203.000000 182.000000 312.000000 1.483192 1.562356 3.507258 -8.477468 2.000744 12.080770 1.173806 2.822079
Car -1 -1 -10 426.000000 180.000000 474.000000 212.000000 1.541970 1.640907 3.845103 -7.727292 1.828576 33.878014 -1.888368 2.758558
Car -1 -1 -10 685.000000 129.000000 1241.000000 374.000000 1.997506 1.770407 4.560400 2.625904 1.627759 6.845148 -1.873115 2.322718
Car -1 -1 -10 412.000000 176.000000 435.000000 197.000000 1.473165 1.593103 3.586751 -15.819724 1.977729 60.858246 -1.827530 2.195470
Car -1 -1 -10 271.000000 183.000000 309.000000 208.000000 1.469416 1.547626 3.624579 -20.150187 2.213874 45.460617 1.327520 1.864251
Car -1 -1 -10 566.000000 172.000000 652.000000 204.000000 1.511325 1.661063 4.285793 -0.382606 1.389331 36.113834 -2.876128 1.848729
Car -1 -1 -10 1.000000 205.000000 116.000000 368.000000 1.467461 1.596521 3.756063 -6.767932 1.957857 7.978886 1.161082 1.647072
Car -1 -1 -10 26.000000 190.000000 116.000000 218.000000 1.523823 1.611362 4.149086 -30.467379 2.558996 40.891323 -0.393505 1.524623
Car -1 -1 -10 1102.000000 144.000000 1237.000000 241.000000 1.533864 1.625657 3.945349 10.363337 1.120631 13.721406 2.402472 1.329345
Car -1 -1 -10 1185.000000 148.000000 1239.000000 247.000000 1.568021 1.613431 3.913691 11.084397 1.259205 11.655729 1.929367 1.040306
