Car -1 -1 -10 701.000000 178.000000 808.000000 249.000000 1.473580 1.598420 3.857306 3.303465 1.647640 16.972084 -1.635989 2.927099
Car -1 -1 -10 284.000000 190.000000 432.000000 262.000000 1.454254 1.617093 4.128546 -5.646399 1.871372 16.623392 1.689367 2.926428
Car -1 -1 -10 750.000000 180.000000 932.000000 293.000000 1.404483 1.590602 3.942650 3.366463 1.589164 11.244179 1.555360 2.912816
Car -1 -1 -10 671.000000 177.000000 734.000000 221.000000 1.470407 1.595564 3.472054 3.104789 1.637121 25.526217 -1.612358 2.903652
Car -1 -1 -10 0.000000 205.000000 235.000000 372.000000 1.497030 1.620076 3.753941 -5.793281 1.937112 7.369239 1.611165 2.830656
Car -1 -1 -10 452.000000 177.000000 504.000000 215.000000 1.577253 1.554819 3.438236 -5.729228 1.853861 31.694454 1.595092 2.706041
Car -1 -1 -10 662.000000 176.000000 711.000000 212.000000 1.507561 1.591837 3.380116 3.222599 1.640302 30.993105 -1.653924 1.960684
Car -1 -1 -10 8.000000 192.000000 169.000000 258.000000 1.470054 1.640400 3.899141 -15.227444 1.998736 21.707890 -1.625134 1.804947
Car -1 -1 -10 473.000000 179.000000 516.000000 212.000000 1.430170 1.575742 3.581702 -5.708962 1.881705 36.802872 4.672881 1.472720
Car -1 -1 -10 1083.000000 221.000000 1241.000000 369.000000 1.503264 1.553123 3.948006 3.069057 1.712973 1.560552 -1.549819 1.054158
