Car -1 -1 -10 2.000000 205.000000 255.000000 371.000000 1.550471 1.637221 3.911192 -5.935053 1.998186 8.199383 1.582140 2.906361
Car -1 -1 -10 313.000000 193.000000 426.000000 260.000000 1.477703 1.569406 3.840516 -6.026565 1.999740 18.541649 1.559556 2.898335
Car -1 -1 -10 393.000000 189.000000 468.000000 235.000000 1.471060 1.583187 3.884721 -6.077433 2.015726 24.434887 1.578077 2.892357
Car -1 -1 -10 206.000000 198.000000 364.000000 294.000000 1.436027 1.641597 3.902181 -5.973906 1.981750 13.644754 1.552833 2.891394
Car -1 -1 -10 452.000000 186.000000 502.000000 221.000000 1.430932 1.560939 3.886806 -5.916210 2.142166 31.914701 1.634294 2.890641
Car -1 -1 -10 668.000000 175.000000 731.000000 216.000000 1.593201 1.655288 4.060158 3.099457 1.558444 26.368971 -1.603162 2.834788
Car -1 -1 -10 842.000000 149.000000 1010.000000 207.000000 1.466040 1.614063 4.200164 9.201377 0.904263 20.432289 3.162058 2.754617
Car -1 -1 -10 655.000000 175.000000 706.000000 209.000000 1.478222 1.600284 3.585925 3.039557 1.551586 31.699368 -1.588335 2.210337
Car -1 -1 -10 647.000000 176.000000 683.000000 203.000000 1.507762 1.581489 3.883962 3.095292 1.786617 41.687038 1.505107 1.818686
Car -1 -1 -10 476.000000 184.000000 517.000000 214.000000 1.479710 1.589501 3.888713 -6.022796 2.158579 37.922043 1.589584 1.773799
Car -1 -1 -10 1146.000000 133.000000 1238.000000 178.000000 1.492101 1.624549 3.837138 23.188015 0.077716 28.140326 -0.172852 1.663455
Car -1 -1 -10 765.000000 158.000000 918.000000 201.000000 1.499841 1.703142 4.334051 8.401010 1.061931 27.993425 2.977373 1.622611
Car -1 -1 -10 637.000000 176.000000 671.000000 197.000000 1.580770 1.597140 3.587910 3.421127 1.792111 55.623589 -0.908833 1.035877
