Car -1 -1 -10 916.000000 188.000000 1237.000000 316.000000 1.430760 1.613162 3.940551 6.273865 1.731041 9.713107 3.214435 2.774237
Car -1 -1 -10 372.000000 174.000000 482.000000 218.000000 1.508118 1.624074 3.860206 -6.535980 1.556641 25.977140 -3.063815 2.670502
Car -1 -1 -10 863.000000 178.000000 1126.000000 291.000000 1.551848 1.646759 4.075938 6.676832 1.695236 12.137861 0.133967 2.608046
Car -1 -1 -10 756.000000 170.000000 946.000000 238.000000 1.763866 1.700004 4.164760 6.225252 1.693307 20.106634 3.132698 2.430791
Car -1 -1 -10 218.000000 171.000000 413.000000 244.000000 1.796450 1.653928 4.389142 -6.950752 1.582855 16.299482 0.023252 2.401716
Car -1 -1 -10 2.000000 172.000000 203.000000 359.000000 1.624161 1.624314 3.463653 -6.182460 1.621998 7.504682 -1.734172 2.396458
Car -1 -1 -10 412.000000 171.000000 516.000000 212.000000 1.655272 1.751993 4.130702 -5.996835 1.552980 30.857704 -3.329983 2.363214
Car -1 -1 -10 649.000000 163.000000 708.000000 210.000000 2.212671 1.853189 4.705537 2.579053 1.630823 29.149900 -1.547269 1.847091
Car -1 -1 -10 995.000000 246.000000 1241.000000 372.000000 1.477162 1.536936 3.615216 2.947411 1.792085 2.383545 -1.583509 1.820116
Car -1 -1 -10 632.000000 172.000000 665.000000 197.000000 1.726135 1.595730 3.251807 2.300841 1.364334 45.774651 -1.481883 1.429979
Car -1 -1 -10 489.000000 171.000000 542.000000 196.000000 1.500188 1.581333 3.492051 -6.307196 1.577914 49.391773 3.974955 1.251108
