Car -1 -1 -10 395.000000 183.000000 500.000000 253.000000 1.455931 1.640262 3.381167 -3.747637 1.427629 17.202766 -1.557270 2.967192
Car -1 -1 -10 248.000000 174.000000 367.000000 244.000000 1.588584 1.646402 4.136415 -7.959210 1.387282 19.585335 -1.588848 2.930484
Car -1 -1 -10 494.000000 182.000000 546.000000 218.000000 1.542599 1.596721 3.802880 -3.617287 1.278202 29.468187 4.715795 2.919665
Car -1 -1 -10 574.000000 177.000000 617.000000 217.000000 1.565632 1.652025 4.303026 -0.526426 1.286956 31.477468 -1.588835 2.721799
Car -1 -1 -10 23.000000 183.000000 244.000000 276.000000 1.459542 1.567546 3.634731 -8.512857 1.550441 13.384256 -1.598800 2.475452
Car -1 -1 -10 6.000000 181.000000 295.000000 373.000000 1.543363 1.610619 3.991603 -3.083740 1.595151 4.037565 -1.513391 2.435540
Car -1 -1 -10 354.000000 180.000000 428.000000 223.000000 1.466386 1.530124 3.519805 -7.877357 1.363198 26.135668 -1.620571 2.037021
Car -1 -1 -10 451.000000 179.000000 497.000000 209.000000 1.494987 1.608523 3.765171 -7.964285 1.192183 44.304962 -1.547904 1.817884
Car -1 -1 -10 111.000000 187.000000 242.000000 237.000000 1.477385 1.664420 4.453415 -12.319853 1.496289 20.914766 -1.526883 1.614385
Car -1 -1 -10 414.000000 179.000000 445.000000 195.000000 1.552302 1.651299 4.191057 -13.588940 0.894111 55.413326 -1.916310 0.733896
