Car -1 -1 -10 198.000000 183.000000 440.000000 321.000000 1.466466 1.638041 4.219251 -3.751035 1.468864 10.068496 -1.573207 2.939459
Car -1 -1 -10 428.000000 179.000000 501.000000 233.000000 1.479748 1.627619 3.265880 -4.411787 1.353525 22.306467 -1.575838 2.935099
Car -1 -1 -10 679.000000 184.000000 760.000000 244.000000 1.421589 1.608651 3.465093 2.860302 1.387634 18.963701 -1.596519 2.932251
Car -1 -1 -10 45.000000 185.000000 271.000000 276.000000 1.413094 1.619586 3.657476 -8.095038 1.471518 13.399213 -1.578444 2.863641
Car -1 -1 -10 492.000000 181.000000 532.000000 210.000000 1.451772 1.572274 3.345524 -4.605513 1.278613 34.983521 -1.620093 2.764814
Car -1 -1 -10 583.000000 177.000000 615.000000 205.000000 1.521847 1.618065 3.535885 -0.449880 1.092081 42.257877 -1.535538 2.680516
Car -1 -1 -10 626.000000 179.000000 659.000000 203.000000 1.473283 1.639727 3.942106 2.266634 1.040960 46.406841 -1.528793 2.608894
Car -1 -1 -10 380.000000 170.000000 436.000000 221.000000 1.787052 1.635104 4.025265 -8.806890 1.247461 32.283501 -1.581735 2.165165
Car -1 -1 -10 519.000000 179.000000 549.000000 202.000000 1.489502 1.605482 3.640950 -4.809153 0.959308 45.860394 -1.671682 1.875970
Car -1 -1 -10 4.000000 208.000000 126.000000 375.000000 1.548787 1.607208 4.090881 -3.534276 1.706029 2.109690 -4.650117 1.200732
Car -1 -1 -10 231.000000 186.000000 343.000000 222.000000 1.666894 1.610785 4.033960 -12.248773 1.255704 26.537870 -1.577546 1.191646
Car -1 -1 -10 576.000000 180.000000 596.000000 200.000000 1.484771 1.544503 3.754105 -1.542706 1.145263 50.605782 -1.595877 1.071059
Car -1 -1 -10 429.000000 173.000000 472.000000 215.000000 1.740241 1.664542 3.988912 -9.253664 1.219570 41.569092 -1.687987 1.016458
Car -1 -1 -10 300.000000 187.000000 354.000000 215.000000 1.415082 1.582997 3.724212 -7.960454 1.276439 22.518265 0.499338 0.909626
