Car -1 -1 -10 680.000000 176.000000 781.000000 261.000000 1.636759 1.671448 4.070585 2.628398 1.807372 16.605120 -1.549929 2.953825
Car -1 -1 -10 794.000000 205.000000 1238.000000 374.000000 1.453375 1.592337 3.639442 2.719167 1.731465 5.637563 -1.581702 2.850536
Car -1 -1 -10 661.000000 181.000000 724.000000 236.000000 1.502280 1.647748 3.902938 2.626252 1.867159 22.495583 -1.613822 2.823363
Car -1 -1 -10 647.000000 176.000000 691.000000 217.000000 1.695925 1.613907 3.621675 2.534772 1.920980 31.547895 -1.633111 2.727220
Car -1 -1 -10 198.000000 186.000000 422.000000 265.000000 1.481790 1.590658 3.857992 -6.214935 1.823477 14.154128 3.170985 2.550483
Car -1 -1 -10 0.000000 161.000000 306.000000 324.000000 1.877365 1.671771 3.777074 -6.276750 1.706703 9.028428 -3.148906 2.355744
Car -1 -1 -10 276.000000 182.000000 440.000000 246.000000 1.631365 1.650907 3.765804 -6.279106 1.848891 16.711864 -3.163186 2.003315
Car -1 -1 -10 404.000000 182.000000 512.000000 222.000000 1.535952 1.539270 3.949061 -6.264681 2.006144 30.158339 0.035422 1.988347
Car -1 -1 -10 635.000000 180.000000 662.000000 204.000000 1.469249 1.569799 3.480538 2.407969 2.040737 45.395840 -1.530224 1.869076
Car -1 -1 -10 460.000000 181.000000 540.000000 209.000000 1.531996 1.591789 3.839064 -6.107896 2.026881 42.817566 -0.026374 1.755418
Car -1 -1 -10 460.000000 181.000000 540.000000 209.000000 1.491979 1.624887 4.185193 -6.339705 2.110677 40.944233 0.197584 1.752414
