Car -1 -1 -10 450.000000 197.000000 538.000000 270.000000 1.672770 1.625708 3.707527 -3.392235 2.383998 19.151915 -1.901095 2.945829
Car -1 -1 -10 500.000000 208.000000 638.000000 298.000000 1.479189 1.596167 3.668637 -1.071822 2.206607 14.029105 -1.896671 2.895348
Car -1 -1 -10 206.000000 198.000000 289.000000 258.000000 1.845545 1.746320 4.411220 -12.460292 2.855325 24.985783 -1.955331 2.884470
Car -1 -1 -10 108.000000 218.000000 238.000000 308.000000 1.515361 1.543473 3.480678 -8.550624 2.429158 14.157134 1.177418 2.878608
Car -1 -1 -10 558.000000 215.000000 805.000000 356.000000 1.463103 1.665951 4.140941 0.561509 2.016872 9.743414 -1.927671 2.876103
Car -1 -1 -10 404.000000 203.000000 454.000000 243.000000 1.473211 1.616644 4.028991 -7.945209 2.904598 30.763199 -1.908790 2.788090
Car -1 -1 -10 0.000000 222.000000 184.000000 374.000000 1.569453 1.608169 4.026141 -6.206079 2.181893 8.129848 1.164278 2.688810
Car -1 -1 -10 670.000000 216.000000 1224.000000 374.000000 1.428296 1.605666 3.581617 1.963102 1.719942 5.288472 -1.913283 2.493109
Car -1 -1 -10 273.000000 204.000000 311.000000 229.000000 1.518574 1.540252 3.767364 -19.951809 3.551392 45.093731 1.376984 2.474171
Car -1 -1 -10 396.000000 203.000000 430.000000 234.000000 1.529724 1.598179 3.374129 -9.579627 3.019776 35.782085 -1.949367 1.827456
Car -1 -1 -10 424.000000 201.000000 487.000000 255.000000 1.458358 1.578228 3.761778 -5.506979 2.614387 25.510313 4.605462 1.727635
