Car -1 -1 -10 282.000000 200.000000 407.000000 264.000000 1.392402 1.610382 3.901259 -6.649412 2.051974 17.423773 -2.287489 2.940782
Car -1 -1 -10 153.000000 193.000000 220.000000 232.000000 1.425032 1.617135 3.886746 -17.023521 2.234031 28.625526 -2.279258 2.845364
Car -1 -1 -10 344.000000 180.000000 441.000000 216.000000 1.495356 1.654189 3.611320 -10.064319 1.810478 33.329578 -3.149871 2.753059
Car -1 -1 -10 417.000000 167.000000 676.000000 307.000000 1.841948 1.829025 4.686167 -1.313103 1.892772 11.784160 -2.263566 2.751118
Car -1 -1 -10 746.000000 180.000000 843.000000 236.000000 1.403401 1.618599 4.347402 4.808581 1.627881 19.220760 1.682168 2.715581
Car -1 -1 -10 131.000000 190.000000 191.000000 226.000000 1.455715 1.625268 4.352927 -20.989809 2.340688 33.203304 -2.235897 2.671798
Car -1 -1 -10 666.000000 179.000000 734.000000 231.000000 1.439492 1.598439 4.325947 2.561910 1.748869 21.320763 -1.369052 1.774921
Car -1 -1 -10 289.000000 187.000000 373.000000 209.000000 1.496912 1.629340 4.577647 -14.728261 2.092495 37.748405 -3.228945 1.710137
Car -1 -1 -10 95.000000 186.000000 127.000000 209.000000 1.455979 1.618885 4.448954 -38.609776 2.588737 55.454502 -2.210522 1.655854
Car -1 -1 -10 815.000000 173.000000 969.000000 229.000000 1.426984 1.615632 4.464159 8.242924 1.719846 21.333033 1.374912 1.146528
Car -1 -1 -10 711.000000 178.000000 777.000000 221.000000 1.596721 1.686365 3.683357 5.814609 1.415529 30.399813 -2.501302 0.994018
