Car -1 -1 -10 698.000000 176.000000 805.000000 255.000000 1.484954 1.622717 3.595217 2.946536 1.605300 15.619161 -1.542611 2.958249
Car -1 -1 -10 0.000000 206.000000 259.000000 357.000000 1.511753 1.577888 3.664412 -6.164334 1.949308 9.140886 1.603024 2.915881
Car -1 -1 -10 444.000000 181.000000 499.000000 217.000000 1.451760 1.569044 3.962557 -6.009017 1.920833 31.426573 1.591313 2.869117
Car -1 -1 -10 843.000000 152.000000 1069.000000 222.000000 1.588017 1.696107 4.426427 8.234716 1.125285 17.882683 3.192358 2.778392
Car -1 -1 -10 963.000000 130.000000 1241.000000 260.000000 1.900730 1.660624 4.341198 8.108151 1.239342 11.626977 3.241058 2.501024
Car -1 -1 -10 330.000000 182.000000 441.000000 250.000000 1.662274 1.711218 4.233866 -6.129507 1.946137 20.365219 -1.552500 2.446475
Car -1 -1 -10 470.000000 181.000000 513.000000 211.000000 1.470595 1.552488 3.721199 -6.003500 1.903389 36.897728 1.570397 2.213394
Car -1 -1 -10 718.000000 161.000000 798.000000 207.000000 1.536556 1.746584 4.144985 9.099276 1.334895 43.484676 3.317002 2.102435
Car -1 -1 -10 486.000000 181.000000 526.000000 206.000000 1.458972 1.598878 3.703498 -6.016201 1.907093 41.660172 1.599135 1.879791
Car -1 -1 -10 285.000000 195.000000 397.000000 260.000000 1.490175 1.604709 3.730504 -6.130875 1.902675 16.871069 -4.705825 1.735730
Car -1 -1 -10 502.000000 180.000000 534.000000 202.000000 1.472608 1.598092 3.907460 -5.995786 1.950063 47.726353 1.598722 1.691033
Car -1 -1 -10 644.000000 173.000000 667.000000 194.000000 1.602298 1.578194 3.912383 3.138846 1.543565 49.568584 -1.528659 1.113316
