Car -1 -1 -10 367.000000 184.000000 470.000000 248.000000 1.405099 1.620138 3.418541 -4.699106 1.388069 18.002069 -1.583919 2.946165
Car -1 -1 -10 279.000000 179.000000 381.000000 234.000000 1.452678 1.640801 3.911074 -8.345633 1.303307 22.035240 -1.557343 2.906572
Car -1 -1 -10 448.000000 179.000000 517.000000 223.000000 1.497879 1.613146 4.067974 -4.489679 1.233549 25.936430 -1.558052 2.871239
Car -1 -1 -10 572.000000 171.000000 656.000000 250.000000 1.554778 1.648069 3.426592 0.063429 1.354764 16.418148 -1.595609 2.843081
Car -1 -1 -10 127.000000 179.000000 252.000000 229.000000 1.460978 1.539539 3.623215 -12.837471 1.376705 22.387009 -1.589659 2.764663
Car -1 -1 -10 1.000000 180.000000 282.000000 372.000000 1.554210 1.618703 3.892541 -4.157856 1.568026 5.272073 -1.565935 2.731674
Car -1 -1 -10 376.000000 166.000000 418.000000 206.000000 1.807001 1.658715 3.701779 -12.125672 0.898777 41.468357 -1.673492 1.554794
Car -1 -1 -10 594.000000 171.000000 650.000000 225.000000 1.638627 1.638847 3.772543 0.212092 1.287867 32.290730 4.186084 1.152005
Car -1 -1 -10 607.000000 167.000000 643.000000 209.000000 1.503044 1.629436 4.112827 1.391554 0.918714 54.710846 -5.310640 0.973219
Car -1 -1 -10 670.000000 179.000000 693.000000 194.000000 1.484571 1.554607 3.786261 7.287943 0.972334 68.954727 1.957414 0.878301
