Car -1 -1 -10 126.000000 186.000000 436.000000 267.000000 1.390590 1.561419 3.977615 -6.312035 1.673433 13.366715 3.091309 2.858997
Car -1 -1 -10 833.000000 194.000000 1241.000000 307.000000 1.506221 1.698730 4.267485 6.193069 1.783222 11.081936 3.164218 2.836319
Car -1 -1 -10 793.000000 188.000000 959.000000 250.000000 1.414886 1.651857 3.736998 6.728919 1.905760 18.571375 -0.036232 2.778653
Car -1 -1 -10 705.000000 185.000000 794.000000 221.000000 1.489326 1.622806 3.697156 5.999126 2.014813 30.574650 -0.019359 2.740965
Car -1 -1 -10 307.000000 183.000000 486.000000 243.000000 1.521617 1.582310 4.148715 -5.714424 1.826428 20.504978 0.068114 2.689303
Car -1 -1 -10 640.000000 184.000000 670.000000 208.000000 1.474423 1.593620 3.842687 2.905022 2.214643 45.027279 -1.588371 2.635991
Car -1 -1 -10 372.000000 179.000000 501.000000 229.000000 1.663518 1.717573 4.056452 -6.186961 1.897201 25.405092 -3.168065 2.450798
Car -1 -1 -10 457.000000 179.000000 540.000000 212.000000 1.516687 1.653353 4.062803 -5.834043 2.172367 38.725258 -0.038210 2.227183
Car -1 -1 -10 457.000000 179.000000 540.000000 212.000000 1.488231 1.583601 3.860525 -5.067809 1.732561 31.448545 4.714869 2.170566
Car -1 -1 -10 771.000000 183.000000 894.000000 242.000000 1.529019 1.611430 3.342197 6.512657 1.911009 20.873299 -0.090506 2.111538
Car -1 -1 -10 951.000000 227.000000 1241.000000 366.000000 1.457422 1.505240 3.521455 2.681293 1.741327 2.491661 -1.566529 2.019606
Car -1 -1 -10 4.000000 162.000000 249.000000 344.000000 1.555959 1.609685 3.662478 -5.281931 1.461192 6.117147 -3.089141 1.716160
