Car -1 -1 -10 462.000000 180.000000 515.000000 212.000000 1.420348 1.622343 3.827939 -5.722358 1.759944 33.654881 1.132437 2.877845
Car -1 -1 -10 0.000000 193.000000 238.000000 369.000000 1.521329 1.635494 3.777990 -5.924335 1.795880 7.934080 1.553234 2.872345
Car -1 -1 -10 836.000000 195.000000 1241.000000 374.000000 1.499972 1.591340 3.835773 3.053536 1.631215 4.493355 -1.654270 2.839929
Car -1 -1 -10 338.000000 181.000000 416.000000 208.000000 1.440832 1.623217 4.248606 -13.078275 1.964990 40.247684 0.409715 2.788167
Car -1 -1 -10 646.000000 173.000000 712.000000 194.000000 1.488431 1.817626 4.321083 5.137239 1.604171 54.104828 2.877343 2.286504
Car -1 -1 -10 131.000000 180.000000 213.000000 253.000000 1.558263 1.566519 3.703829 -15.059532 1.910966 25.123804 1.322588 2.097593
Car -1 -1 -10 50.000000 183.000000 155.000000 234.000000 1.534960 1.601128 3.519547 -17.922934 1.928699 26.042160 -1.760858 1.941821
Car -1 -1 -10 545.000000 176.000000 602.000000 197.000000 1.525607 1.629272 3.830665 -2.752351 1.758148 51.763214 -2.334084 1.863754
Car -1 -1 -10 3.000000 187.000000 86.000000 238.000000 1.585512 1.728822 4.201009 -10.354299 1.553805 11.897793 1.462921 1.374363
Car -1 -1 -10 528.000000 172.000000 584.000000 196.000000 1.636181 1.605220 4.503484 -4.433487 1.619648 60.576912 3.185483 1.236956
