Car -1 -1 -10 681.000000 172.000000 799.000000 266.000000 1.681973 1.608774 3.702453 2.429819 1.733560 15.549682 -1.623910 2.931541
Car -1 -1 -10 440.000000 172.000000 516.000000 233.000000 1.827990 1.704673 4.467073 -4.413692 1.853797 23.948709 4.623738 2.926961
Car -1 -1 -10 302.000000 193.000000 445.000000 300.000000 1.506930 1.526867 3.413888 -3.954517 1.903541 12.375964 1.533657 2.905097
Car -1 -1 -10 0.000000 203.000000 347.000000 374.000000 1.477821 1.661550 4.234833 -3.552189 1.866656 5.924318 1.479534 2.882206
Car -1 -1 -10 630.000000 179.000000 686.000000 222.000000 1.463571 1.604600 4.074082 1.673319 1.797338 27.964678 -1.624653 2.864350
Car -1 -1 -10 753.000000 189.000000 974.000000 322.000000 1.432842 1.626124 3.938787 3.145180 1.696165 10.040262 -1.564966 2.862358
Car -1 -1 -10 853.000000 202.000000 1241.000000 374.000000 1.462690 1.602946 3.988823 3.352412 1.732300 5.415377 -1.591449 2.803980
Car -1 -1 -10 508.000000 179.000000 538.000000 204.000000 1.500393 1.565090 3.810754 -5.464182 1.940818 45.335934 1.524427 2.721977
Car -1 -1 -10 652.000000 176.000000 738.000000 239.000000 1.518963 1.520050 3.905331 2.583278 1.738467 21.375547 -1.404097 1.958964
Car -1 -1 -10 624.000000 178.000000 657.000000 209.000000 1.528577 1.637231 3.706350 1.529051 1.848863 39.985641 -1.510549 1.801830
