Car -1 -1 -10 553.000000 184.000000 710.000000 333.000000 1.455384 1.606871 3.546312 0.242367 1.631660 9.068188 -1.529952 2.892022
Car -1 -1 -10 2.000000 173.000000 373.000000 374.000000 1.586616 1.592250 3.638541 -3.251194 1.683768 5.483524 -1.583487 2.866808
Car -1 -1 -10 439.000000 178.000000 522.000000 240.000000 1.609467 1.646429 3.782425 -3.519852 1.805240 20.021099 -1.516954 2.854302
Car -1 -1 -10 689.000000 178.000000 745.000000 216.000000 1.412748 1.616331 4.252238 4.343949 1.671696 29.189867 -1.501177 2.801185
Car -1 -1 -10 470.000000 168.000000 537.000000 221.000000 1.859935 1.719104 3.981606 -3.664679 1.772248 26.648537 -1.594212 2.744574
Car -1 -1 -10 573.000000 179.000000 655.000000 269.000000 1.820378 1.696727 4.015218 0.080139 2.164494 20.227909 -1.527729 1.826273
Car -1 -1 -10 969.000000 86.000000 1238.000000 369.000000 2.112469 1.846102 4.659249 3.774903 1.694494 6.377346 -1.202197 1.161674
Car -1 -1 -10 735.000000 171.000000 770.000000 186.000000 1.502922 1.640849 3.530850 13.663164 1.327090 68.692032 -1.156436 1.136018
Car -1 -1 -10 210.000000 178.000000 272.000000 214.000000 1.483852 1.598459 3.426886 -24.650072 2.293045 48.253407 -2.913464 1.059596
Car -1 -1 -10 405.000000 189.000000 501.000000 245.000000 1.598640 1.601220 4.434905 -3.429339 1.467737 13.632934 -4.686052 0.999003
Car -1 -1 -10 624.000000 171.000000 666.000000 190.000000 1.525180 1.574487 3.838493 3.166061 1.533224 68.286461 -0.051757 0.910676
