Car -1 -1 -10 714.000000 175.000000 844.000000 273.000000 1.497714 1.646646 4.031034 3.072634 1.717231 14.244410 -1.579651 2.946747
Car -1 -1 -10 689.000000 179.000000 767.000000 238.000000 1.581676 1.604700 3.586147 3.177153 1.738120 19.865427 -1.597812 2.939489
Car -1 -1 -10 361.000000 185.000000 475.000000 279.000000 1.515883 1.565928 3.521560 -3.876089 1.881506 14.566868 1.559846 2.913466
Car -1 -1 -10 194.000000 198.000000 432.000000 365.000000 1.449837 1.611889 3.993738 -3.554355 1.854187 9.112817 1.580229 2.906872
Car -1 -1 -10 750.000000 185.000000 1045.000000 364.000000 1.471105 1.666981 4.179382 2.847762 1.679791 7.992725 -1.592543 2.904681
Car -1 -1 -10 431.000000 185.000000 517.000000 248.000000 1.453160 1.588404 3.842084 -3.691877 1.838387 19.331408 1.634695 2.903418
Car -1 -1 -10 640.000000 178.000000 681.000000 205.000000 1.572345 1.627922 3.849007 2.839931 1.888648 41.547699 -1.729502 2.748945
Car -1 -1 -10 15.000000 215.000000 257.000000 374.000000 1.475755 1.684656 3.801888 -3.492456 1.816653 3.582465 1.540141 2.548980
Car -1 -1 -10 936.000000 173.000000 1241.000000 371.000000 1.490678 1.557507 3.888934 2.646813 1.666148 2.121304 -1.542227 2.016211
Car -1 -1 -10 598.000000 180.000000 629.000000 199.000000 1.519127 1.571056 3.810175 0.077174 2.122282 56.211193 -1.517678 1.415978
