Car -1 -1 -10 677.000000 177.000000 751.000000 224.000000 1.488170 1.655491 4.239721 3.069061 1.614137 22.981451 -1.599388 2.920097
Car -1 -1 -10 666.000000 175.000000 722.000000 218.000000 1.561983 1.629015 3.577874 3.040267 1.673432 28.145525 -1.589042 2.907153
Car -1 -1 -10 241.000000 199.000000 386.000000 285.000000 1.445815 1.605975 3.860520 -5.998213 1.997490 15.114631 1.546904 2.904951
Car -1 -1 -10 10.000000 205.000000 300.000000 350.000000 1.429074 1.597011 3.842219 -5.981308 1.983546 10.248805 1.572019 2.901472
Car -1 -1 -10 428.000000 189.000000 490.000000 229.000000 1.432072 1.616412 3.925560 -5.895922 2.114598 28.421078 1.625526 2.893165
Car -1 -1 -10 355.000000 192.000000 446.000000 248.000000 1.463248 1.627559 4.093140 -6.082040 2.062671 20.973301 1.552369 2.886225
Car -1 -1 -10 885.000000 144.000000 1102.000000 215.000000 1.465963 1.597329 3.964235 9.020260 0.943692 17.016554 3.148557 2.770418
Car -1 -1 -10 650.000000 177.000000 691.000000 207.000000 1.513529 1.618318 4.030423 3.132484 1.797321 38.314693 1.457759 2.552765
Car -1 -1 -10 462.000000 186.000000 509.000000 218.000000 1.475475 1.546462 3.647105 -5.972967 2.192167 34.426540 1.596315 2.444579
Car -1 -1 -10 787.000000 157.000000 936.000000 205.000000 1.458712 1.506548 4.031177 7.931005 1.087891 25.269983 2.379877 1.875091
Car -1 -1 -10 493.000000 184.000000 531.000000 209.000000 1.500546 1.547200 3.487102 -5.888291 2.178379 43.326633 1.676486 1.810235
Car -1 -1 -10 823.000000 148.000000 1007.000000 205.000000 1.557080 1.613179 4.127440 9.097557 1.007897 21.828182 -3.087007 1.514639
Car -1 -1 -10 0.000000 227.000000 67.000000 369.000000 1.492863 1.607953 4.091886 -5.799029 1.931652 4.726685 1.503659 1.376772
Car -1 -1 -10 634.000000 176.000000 670.000000 198.000000 1.551501 1.625231 4.102723 2.765594 1.764567 52.617844 1.465246 1.227450
