Car -1 -1 -10 681.000000 183.000000 751.000000 233.000000 1.461435 1.583603 3.198063 3.229773 1.800129 22.666882 -1.621490 2.929365
Car -1 -1 -10 760.000000 178.000000 1023.000000 336.000000 1.601840 1.634277 3.791236 3.166929 1.698049 9.281514 -1.570845 2.915154
Car -1 -1 -10 97.000000 181.000000 388.000000 272.000000 1.460356 1.660469 3.898163 -6.550592 1.625080 13.134790 -3.172908 2.803909
Car -1 -1 -10 890.000000 190.000000 1236.000000 374.000000 1.568734 1.644414 3.969973 3.157549 1.687263 4.039202 -1.581586 2.728737
Car -1 -1 -10 2.000000 185.000000 231.000000 346.000000 1.449886 1.583177 3.750855 -6.272365 1.603054 7.719481 -3.093820 2.548506
Car -1 -1 -10 326.000000 175.000000 479.000000 238.000000 1.533080 1.600792 4.218957 -5.879875 1.725642 20.912201 0.402978 2.470026
Car -1 -1 -10 434.000000 177.000000 529.000000 215.000000 1.476716 1.628218 3.978958 -5.324697 1.791469 30.850807 3.844979 2.044946
Car -1 -1 -10 386.000000 175.000000 501.000000 223.000000 1.538499 1.582819 3.878759 -6.245137 1.801484 27.659000 -3.008518 1.952900
Car -1 -1 -10 491.000000 177.000000 549.000000 201.000000 1.547673 1.736075 3.875224 -5.967752 1.837299 46.227901 3.088760 1.533315
Car -1 -1 -10 726.000000 181.000000 816.000000 218.000000 1.492718 1.661545 3.622388 6.737120 1.932853 29.976755 3.178583 1.501133
