Car -1 -1 -10 730.000000 195.000000 922.000000 315.000000 1.421110 1.600697 3.569055 2.876740 1.753345 10.513498 -1.590091 2.932131
Car -1 -1 -10 478.000000 175.000000 540.000000 223.000000 1.588363 1.563522 3.508771 -3.485875 1.699350 25.210196 1.579028 2.901281
Car -1 -1 -10 402.000000 184.000000 503.000000 248.000000 1.402228 1.581509 3.930075 -3.585259 1.665713 16.956160 1.567898 2.895500
Car -1 -1 -10 655.000000 182.000000 718.000000 230.000000 1.477410 1.631091 3.887137 2.572272 1.927148 25.722353 1.533651 2.883083
Car -1 -1 -10 0.000000 189.000000 320.000000 373.000000 1.581632 1.557164 3.702559 -3.171814 1.672298 4.548255 1.453784 2.824341
Car -1 -1 -10 515.000000 176.000000 557.000000 209.000000 1.446597 1.533915 3.776781 -3.458354 1.716012 34.381737 1.607025 2.795012
Car -1 -1 -10 645.000000 183.000000 685.000000 216.000000 1.521512 1.622069 3.801263 2.599547 2.005003 34.719921 -1.588433 1.844289
Car -1 -1 -10 538.000000 179.000000 568.000000 201.000000 1.486797 1.548804 3.877727 -3.475997 1.804103 45.917503 1.564880 1.777720
Car -1 -1 -10 1.000000 189.000000 207.000000 314.000000 1.558699 1.609856 4.229222 -7.350205 1.566614 9.585691 1.532645 1.089814
Car -1 -1 -10 632.000000 182.000000 662.000000 206.000000 1.504085 1.545562 4.125369 2.157475 2.086661 45.369350 1.500844 0.939140
