Car -1 -1 -10 669.000000 186.000000 747.000000 243.000000 1.394893 1.630049 4.034830 2.662295 1.785571 20.433634 -1.578020 2.904264
Car -1 -1 -10 70.000000 182.000000 410.000000 284.000000 1.521735 1.634380 4.342605 -6.113703 1.751539 12.584200 -0.054441 2.835987
Car -1 -1 -10 328.000000 180.000000 492.000000 234.000000 1.452476 1.672448 4.423934 -5.906442 1.828225 21.907190 -0.029945 2.504831
Car -1 -1 -10 629.000000 181.000000 649.000000 196.000000 1.480205 1.564860 3.719826 2.582467 2.159558 63.806671 1.541596 2.480756
Car -1 -1 -10 740.000000 181.000000 836.000000 228.000000 1.517148 1.577137 3.646045 6.367606 1.899499 25.498222 0.088672 2.404410
Car -1 -1 -10 0.000000 188.000000 219.000000 352.000000 1.523356 1.651251 3.791425 -6.104607 1.653693 7.236554 -3.088501 2.384988
Car -1 -1 -10 454.000000 178.000000 539.000000 211.000000 1.556371 1.724599 4.159503 -5.934791 1.981935 39.119865 -0.075385 2.372234
Car -1 -1 -10 281.000000 179.000000 425.000000 246.000000 1.538735 1.488227 3.672393 -6.441637 1.746603 17.364065 0.184700 2.294689
Car -1 -1 -10 394.000000 180.000000 515.000000 223.000000 1.511378 1.628988 3.959373 -5.547399 1.552866 24.303194 -0.037124 2.074320
Car -1 -1 -10 666.000000 180.000000 706.000000 201.000000 1.538705 1.645751 4.288386 5.097881 2.015338 50.692883 -1.561428 1.353513
Car -1 -1 -10 690.000000 180.000000 752.000000 218.000000 1.497582 1.587025 3.846753 6.050399 1.991877 39.592365 1.635071 1.318481
