Car -1 -1 -10 307.000000 186.000000 386.000000 231.000000 1.439433 1.620490 3.393712 -8.885496 1.516577 24.489985 -1.595942 2.914070
Car -1 -1 -10 396.000000 187.000000 480.000000 237.000000 1.388376 1.668520 4.250353 -5.070795 1.492815 21.751289 -1.604063 2.906050
Car -1 -1 -10 1.000000 199.000000 380.000000 373.000000 1.540089 1.567947 4.025143 -3.428481 1.611543 6.233279 -1.608640 2.887888
Car -1 -1 -10 571.000000 179.000000 605.000000 210.000000 1.483190 1.719278 4.097937 -1.089933 1.294064 39.768154 -1.618741 2.687957
Car -1 -1 -10 189.000000 190.000000 334.000000 253.000000 1.527526 1.585815 3.505329 -7.925839 1.574745 17.146685 -1.605006 2.638240
Car -1 -1 -10 400.000000 182.000000 447.000000 214.000000 1.498805 1.608245 3.678190 -8.747059 1.361861 34.333672 -1.678213 2.447679
Car -1 -1 -10 368.000000 179.000000 413.000000 205.000000 1.483734 1.578091 3.827199 -13.450309 1.198500 44.720848 -1.634413 1.642982
Car -1 -1 -10 0.000000 187.000000 165.000000 357.000000 1.618364 1.575257 3.833913 -7.721543 1.819616 9.841450 -2.272215 1.463145
Car -1 -1 -10 304.000000 182.000000 363.000000 216.000000 1.512559 1.636377 3.768781 -12.041815 1.360656 31.021351 -1.797969 1.426825
Car -1 -1 -10 571.000000 180.000000 595.000000 198.000000 1.447536 1.592697 3.544557 -1.932527 1.074890 62.888603 -1.691100 1.231116
Car -1 -1 -10 432.000000 182.000000 474.000000 209.000000 1.486328 1.537070 3.527996 -8.732817 1.326658 40.205963 4.700216 0.984116
