Car -1 -1 -10 674.000000 173.000000 761.000000 235.000000 1.547138 1.614831 3.836499 2.819185 1.622736 19.772793 -1.591430 2.932106
Car -1 -1 -10 703.000000 179.000000 819.000000 265.000000 1.466079 1.585255 3.634060 2.851149 1.638987 14.288101 -1.612041 2.911520
Car -1 -1 -10 732.000000 160.000000 1012.000000 347.000000 1.724856 1.688846 4.003745 2.804668 1.655994 8.642902 -1.587640 2.880050
Car -1 -1 -10 651.000000 172.000000 694.000000 207.000000 1.437299 1.602264 3.877504 2.642324 1.519948 31.855364 -1.603157 2.800705
Car -1 -1 -10 213.000000 164.000000 431.000000 257.000000 1.869438 1.710665 4.389616 -6.297669 1.632203 15.394578 -0.010292 2.531271
Car -1 -1 -10 306.000000 166.000000 466.000000 226.000000 1.557912 1.616788 4.464039 -5.748609 1.353238 17.812380 -1.474138 2.425828
Car -1 -1 -10 391.000000 169.000000 510.000000 210.000000 1.442633 1.558063 3.391346 -5.139915 1.299046 23.402237 -1.451168 2.317556
Car -1 -1 -10 0.000000 182.000000 302.000000 326.000000 1.431227 1.658328 4.389985 -5.547968 1.632461 8.463062 -1.575831 2.314730
Car -1 -1 -10 84.000000 170.000000 376.000000 279.000000 1.513132 1.721176 4.169539 -5.901112 1.583848 11.862785 1.529422 2.275070
Car -1 -1 -10 391.000000 169.000000 510.000000 210.000000 1.464365 1.576409 4.107669 -6.553344 1.534031 30.312122 -6.281123 2.252620
