Car -1 -1 -10 366.000000 176.000000 486.000000 262.000000 1.587730 1.634419 3.771902 -3.894667 1.442075 16.030571 -1.592221 2.960743
Car -1 -1 -10 456.000000 177.000000 515.000000 223.000000 1.533243 1.560498 3.381735 -4.566717 1.309153 27.792707 -1.572715 2.942485
Car -1 -1 -10 243.000000 182.000000 353.000000 245.000000 1.468186 1.576224 3.323952 -8.169214 1.479940 19.201330 -1.600920 2.904332
Car -1 -1 -10 577.000000 173.000000 646.000000 237.000000 1.575176 1.667920 3.426666 0.115812 1.331354 20.257183 -1.582414 2.818424
Car -1 -1 -10 344.000000 183.000000 401.000000 224.000000 1.505016 1.586535 3.355852 -8.900365 1.415659 27.791672 -1.455622 2.151724
Car -1 -1 -10 0.000000 95.000000 293.000000 374.000000 2.275578 1.751730 4.525402 -4.069322 1.677099 5.877674 -1.599333 1.804662
Car -1 -1 -10 512.000000 178.000000 544.000000 204.000000 1.501172 1.606029 3.678935 -5.138052 1.222433 47.355263 -1.683390 1.800891
Car -1 -1 -10 491.000000 179.000000 527.000000 209.000000 1.445140 1.631013 3.814579 -5.261379 1.156175 38.920204 -1.533705 1.603221
Car -1 -1 -10 579.000000 176.000000 621.000000 212.000000 1.516352 1.592560 3.475356 -0.598657 1.197189 29.786118 -1.621869 1.124537
Car -1 -1 -10 618.000000 178.000000 645.000000 198.000000 1.507317 1.626926 4.001699 1.577577 0.920504 47.574627 1.594904 0.977583
