Car -1 -1 -10 698.000000 184.000000 803.000000 258.000000 1.388861 1.617541 3.587451 2.918850 1.384886 15.549485 -1.607667 2.956632
Car -1 -1 -10 408.000000 178.000000 504.000000 245.000000 1.447095 1.570176 3.888967 -3.808117 1.323007 18.264914 -1.570004 2.939168
Car -1 -1 -10 257.000000 177.000000 449.000000 307.000000 1.517993 1.610350 3.324353 -3.577843 1.470611 10.585747 -1.580454 2.934190
Car -1 -1 -10 474.000000 177.000000 524.000000 216.000000 1.510874 1.601134 3.463820 -4.493988 1.232458 29.457134 -1.561090 2.852990
Car -1 -1 -10 639.000000 177.000000 679.000000 206.000000 1.444085 1.622379 3.976539 2.519460 1.022329 37.894508 -1.618635 2.827108
Car -1 -1 -10 0.000000 183.000000 228.000000 294.000000 1.426994 1.605745 3.541027 -7.832156 1.430922 11.369306 -1.617916 2.818399
Car -1 -1 -10 586.000000 175.000000 615.000000 199.000000 1.515316 1.637030 3.590793 -0.551057 0.865157 47.473072 -1.657259 2.562718
Car -1 -1 -10 512.000000 178.000000 545.000000 203.000000 1.479411 1.612012 3.883929 -4.698726 0.991878 42.070606 -1.669351 2.369148
Car -1 -1 -10 389.000000 181.000000 426.000000 209.000000 1.460543 1.579086 3.555348 -8.680253 1.174934 29.805643 -1.771636 1.201985
Car -1 -1 -10 530.000000 178.000000 554.000000 197.000000 1.502900 1.552510 3.798404 -4.614163 0.948177 51.897400 -1.663925 1.030962
Car -1 -1 -10 578.000000 177.000000 599.000000 196.000000 1.503398 1.577253 3.627117 -1.526166 0.930025 54.933613 -1.480232 0.996889
