Car -1 -1 -10 670.000000 183.000000 762.000000 247.000000 1.468456 1.565334 3.480405 2.544648 1.784148 18.374088 -1.674233 2.933452
Car -1 -1 -10 701.000000 189.000000 850.000000 282.000000 1.435561 1.606861 3.724831 2.782979 1.726484 13.103622 -1.602263 2.929826
Car -1 -1 -10 469.000000 187.000000 544.000000 244.000000 1.478894 1.632833 3.329505 -2.878141 1.916044 20.508883 -1.610186 2.910837
Car -1 -1 -10 121.000000 203.000000 439.000000 374.000000 1.438040 1.582495 3.601931 -3.183603 1.804625 7.685427 -1.546227 2.882313
Car -1 -1 -10 520.000000 181.000000 563.000000 218.000000 1.514952 1.625512 4.172375 -3.007999 1.927314 31.721537 1.530323 2.878638
Car -1 -1 -10 744.000000 192.000000 1044.000000 363.000000 1.461021 1.658156 4.119602 2.717312 1.664233 7.873380 -1.560129 2.876488
Car -1 -1 -10 662.000000 171.000000 732.000000 232.000000 1.846614 1.672727 3.818368 2.543622 1.800515 22.966154 -1.603926 2.782257
Car -1 -1 -10 635.000000 178.000000 667.000000 205.000000 1.525227 1.619036 3.523700 2.348239 1.811423 41.442673 -1.505608 2.601259
Car -1 -1 -10 0.000000 238.000000 263.000000 374.000000 1.478058 1.559666 4.028842 -2.913186 1.791929 2.620540 -4.657660 2.248502
Car -1 -1 -10 558.000000 178.000000 583.000000 196.000000 1.486037 1.579481 4.001077 -3.270709 1.979537 58.156414 1.399011 1.894568
