Car -1 -1 -10 727.000000 191.000000 822.000000 255.000000 1.506422 1.580785 3.431827 4.075234 2.030526 18.700777 -1.572441 2.944397
Car -1 -1 -10 758.000000 199.000000 904.000000 292.000000 1.434944 1.630116 4.044674 3.753316 1.996902 13.373343 -1.513749 2.931949
Car -1 -1 -10 844.000000 203.000000 1227.000000 373.000000 1.514066 1.707274 4.298520 3.916383 1.985275 7.446830 1.582487 2.917532
Car -1 -1 -10 702.000000 187.000000 765.000000 234.000000 1.562934 1.627687 3.378217 4.161549 2.095793 25.346788 -1.595537 2.896320
Car -1 -1 -10 530.000000 180.000000 579.000000 217.000000 1.490832 1.590160 3.704817 -2.333833 1.888093 31.121742 1.631376 2.890994
Car -1 -1 -10 683.000000 186.000000 732.000000 223.000000 1.547565 1.575480 3.656322 3.991238 2.051407 29.936619 -1.610826 2.776523
Car -1 -1 -10 439.000000 181.000000 531.000000 272.000000 1.591727 1.646814 3.862598 -2.640367 1.787661 15.013777 1.608276 2.746469
Car -1 -1 -10 284.000000 151.000000 509.000000 340.000000 1.837652 1.714048 4.543314 -2.503094 1.730165 9.809397 -1.579023 2.387241
Car -1 -1 -10 683.000000 186.000000 732.000000 223.000000 1.507468 1.532227 3.757346 8.093804 3.382108 59.870682 -4.514430 2.125119
Car -1 -1 -10 671.000000 185.000000 710.000000 216.000000 1.496324 1.598202 3.916799 4.027468 2.083311 35.700531 -1.566520 2.004769
