Car -1 -1 -10 412.000000 185.000000 484.000000 230.000000 1.469084 1.636454 3.840017 -5.599396 1.924901 25.119633 1.597052 2.893067
Car -1 -1 -10 350.000000 187.000000 452.000000 248.000000 1.460168 1.579641 3.873902 -5.667394 1.916125 19.856636 1.610259 2.875552
Car -1 -1 -10 0.000000 190.000000 282.000000 371.000000 1.528853 1.593285 3.559887 -5.794745 1.856042 8.518968 -1.537369 2.855552
Car -1 -1 -10 445.000000 183.000000 502.000000 222.000000 1.490745 1.621339 3.826547 -5.536446 1.945674 30.091297 1.590122 2.807740
Car -1 -1 -10 891.000000 170.000000 1239.000000 374.000000 1.501634 1.596163 3.948009 3.059470 1.612282 4.013600 -1.562636 2.756482
Car -1 -1 -10 762.000000 156.000000 877.000000 194.000000 1.516891 1.731542 3.715589 9.564034 0.910729 31.717836 3.202105 2.510317
Car -1 -1 -10 662.000000 174.000000 703.000000 200.000000 1.511346 1.609936 3.930279 3.639835 1.487478 37.869942 -1.604325 2.355989
Car -1 -1 -10 473.000000 183.000000 520.000000 212.000000 1.524448 1.596455 3.751546 -5.457554 1.951599 35.991524 1.597679 2.229779
Car -1 -1 -10 1069.000000 139.000000 1222.000000 178.000000 1.504452 1.582605 3.774936 23.062960 0.140493 30.696381 0.050685 1.909027
Car -1 -1 -10 503.000000 180.000000 543.000000 206.000000 1.493946 1.480970 3.796444 -5.056874 1.955948 43.430740 1.633228 1.632904
Car -1 -1 -10 734.000000 161.000000 836.000000 192.000000 1.570029 1.648625 4.390765 9.117784 1.074455 39.285461 0.124510 1.553474
Car -1 -1 -10 1024.000000 144.000000 1132.000000 176.000000 1.474962 1.565247 3.557608 23.602753 0.178803 36.443172 0.032506 1.460143
Car -1 -1 -10 652.000000 174.000000 688.000000 196.000000 1.687679 1.715252 4.453082 3.748317 1.536048 43.444077 -1.569840 1.106498
