Car -1 -1 -10 430.000000 188.000000 485.000000 226.000000 1.490253 1.599557 3.490545 -6.273489 2.147789 29.863901 1.596515 2.903172
Car -1 -1 -10 460.000000 186.000000 507.000000 218.000000 1.500049 1.620462 3.888188 -6.258361 2.172296 35.338100 1.594435 2.844373
Car -1 -1 -10 650.000000 174.000000 697.000000 210.000000 1.535417 1.638920 3.653898 2.797371 1.673388 33.411243 -1.646780 2.819118
Car -1 -1 -10 160.000000 197.000000 232.000000 229.000000 1.481426 1.599489 3.654202 -20.805637 2.808684 36.665157 -1.595420 2.684828
Car -1 -1 -10 1.000000 215.000000 199.000000 373.000000 1.511515 1.613061 3.916293 -6.035087 1.987448 6.948875 1.566819 2.650725
Car -1 -1 -10 986.000000 192.000000 1238.000000 373.000000 1.461164 1.591737 3.788439 2.983442 1.663285 2.573339 -4.610015 2.241078
Car -1 -1 -10 215.000000 197.000000 284.000000 227.000000 1.487910 1.631554 4.113309 -18.133747 2.691983 36.865929 -1.505442 1.999826
Car -1 -1 -10 618.000000 175.000000 669.000000 196.000000 1.501925 1.654468 3.890708 2.346674 1.820966 55.743149 -0.953317 1.917697
Car -1 -1 -10 64.000000 204.000000 139.000000 233.000000 1.492330 1.622412 3.843266 -25.854843 3.126843 37.527763 -1.543672 1.903366
Car -1 -1 -10 488.000000 179.000000 525.000000 207.000000 1.476616 1.575026 3.988824 -6.290120 1.918393 43.763790 1.591555 1.758836
Car -1 -1 -10 115.000000 202.000000 184.000000 231.000000 1.455434 1.606971 4.074866 -23.584276 3.011257 37.608158 -1.658134 1.545067
Car -1 -1 -10 2.000000 206.000000 63.000000 240.000000 1.488169 1.569549 3.590176 -30.729010 3.434587 37.377621 1.500244 1.232317
