Car -1 -1 -10 444.000000 189.000000 528.000000 246.000000 1.499670 1.620910 4.056347 -3.314560 1.438897 19.561625 -1.593919 2.943488
Car -1 -1 -10 326.000000 187.000000 414.000000 235.000000 1.407332 1.563710 3.645636 -7.432499 1.506376 22.850765 -1.584884 2.927869
Car -1 -1 -10 40.000000 192.000000 405.000000 374.000000 1.454594 1.597792 3.641580 -3.500547 1.562020 7.344981 -1.573997 2.921132
Car -1 -1 -10 582.000000 181.000000 621.000000 216.000000 1.544869 1.641137 4.032544 -0.228939 1.414801 34.883522 -1.552081 2.718922
Car -1 -1 -10 39.000000 187.000000 245.000000 287.000000 1.425276 1.569310 3.836703 -7.628499 1.588681 12.504330 -1.616636 2.526034
Car -1 -1 -10 410.000000 182.000000 455.000000 218.000000 1.517271 1.652699 3.487022 -7.613495 1.444523 32.521397 -1.558710 2.413443
Car -1 -1 -10 496.000000 186.000000 533.000000 216.000000 1.498957 1.626886 4.117210 -4.626980 1.536039 35.050777 -1.526110 2.412835
Car -1 -1 -10 3.000000 189.000000 159.000000 272.000000 1.462450 1.618897 4.201178 -11.457516 1.580055 14.740314 -1.566475 2.211214
Car -1 -1 -10 294.000000 186.000000 357.000000 218.000000 1.456921 1.635480 4.156019 -12.515487 1.507488 32.111423 -1.660068 1.732320
Car -1 -1 -10 348.000000 182.000000 397.000000 203.000000 1.531968 1.600950 4.031608 -14.879447 1.134855 44.416130 0.850295 0.826085
