Car -1 -1 -10 666.000000 182.000000 728.000000 228.000000 1.438659 1.614380 3.429919 2.751450 1.727684 23.399899 -1.560849 2.933616
Car -1 -1 -10 727.000000 170.000000 935.000000 330.000000 1.678263 1.626100 3.383863 2.764571 1.674560 9.587756 -1.614533 2.920832
Car -1 -1 -10 0.000000 182.000000 288.000000 329.000000 1.556966 1.601968 3.917845 -5.978771 1.717271 8.369141 0.134994 2.739532
Car -1 -1 -10 312.000000 176.000000 487.000000 233.000000 1.489340 1.556315 4.206318 -5.943322 1.687492 21.075548 0.023934 2.672755
Car -1 -1 -10 68.000000 171.000000 355.000000 291.000000 1.609205 1.605924 4.152506 -6.242830 1.726328 11.115115 0.072050 2.643594
Car -1 -1 -10 378.000000 176.000000 502.000000 217.000000 1.574331 1.639117 4.260319 -6.218143 1.684088 25.905123 0.278806 2.359052
Car -1 -1 -10 720.000000 172.000000 799.000000 217.000000 1.550126 1.652229 3.871824 6.014859 1.562982 28.571373 0.102706 2.344366
Car -1 -1 -10 628.000000 175.000000 653.000000 195.000000 1.512796 1.700739 3.929321 2.391351 1.803218 57.240417 -1.568640 2.234662
Car -1 -1 -10 271.000000 183.000000 433.000000 245.000000 1.412695 1.626569 4.254365 -6.371683 1.711597 18.794483 3.193735 1.684683
Car -1 -1 -10 172.000000 171.000000 390.000000 254.000000 1.451394 1.611377 3.995296 -7.232822 1.670689 16.031948 -3.123024 1.641116
Car -1 -1 -10 676.000000 173.000000 726.000000 201.000000 1.490642 1.565236 3.617462 5.197880 1.549834 42.387463 1.689031 1.520898
Car -1 -1 -10 422.000000 175.000000 537.000000 205.000000 1.435714 1.618056 3.525571 -5.688388 1.431582 31.664812 4.740681 1.417267
