Car -1 -1 -10 342.000000 196.000000 465.000000 263.000000 1.428101 1.615164 3.757709 -5.094046 1.976810 17.011221 -2.220827 2.926847
Car -1 -1 -10 819.000000 175.000000 932.000000 235.000000 1.411990 1.644739 4.412702 6.356210 1.506384 17.870775 1.673753 2.844679
Car -1 -1 -10 225.000000 191.000000 286.000000 228.000000 1.469755 1.648721 3.932587 -14.536147 2.152530 29.072525 -2.226230 2.834024
Car -1 -1 -10 409.000000 176.000000 501.000000 214.000000 1.497533 1.631037 3.516740 -7.147604 1.703907 33.139210 -3.043859 2.689135
Car -1 -1 -10 477.000000 163.000000 741.000000 318.000000 1.985217 1.809869 4.725975 -0.339925 1.812497 11.014228 -2.157653 2.481698
Car -1 -1 -10 207.000000 189.000000 264.000000 222.000000 1.470405 1.604781 4.009183 -17.900526 2.242866 33.865623 -2.164173 2.447984
Car -1 -1 -10 734.000000 174.000000 807.000000 229.000000 1.408028 1.489546 4.080602 4.357184 1.514527 19.518543 1.855948 2.402759
Car -1 -1 -10 0.000000 190.000000 47.000000 225.000000 1.478892 1.497118 3.547052 -30.552538 2.447687 36.581608 0.896837 2.383274
Car -1 -1 -10 354.000000 183.000000 444.000000 212.000000 1.499537 1.635928 4.499330 -11.330411 2.009796 37.918667 -3.146280 1.607302
Car -1 -1 -10 176.000000 184.000000 208.000000 206.000000 1.486554 1.657209 4.179411 -33.825306 2.446935 57.424232 -2.197594 1.541472
Car -1 -1 -10 781.000000 175.000000 853.000000 221.000000 1.541287 1.605971 4.175431 8.113499 1.569652 29.749792 4.353713 1.219837
Car -1 -1 -10 887.000000 165.000000 1072.000000 224.000000 1.894774 1.700488 4.328617 12.303535 1.299118 24.103918 4.502579 1.164389
