Car -1 -1 -10 354.000000 186.000000 454.000000 253.000000 1.384130 1.629012 3.468266 -5.048526 1.541792 18.046446 -1.655228 2.939819
Car -1 -1 -10 42.000000 184.000000 336.000000 357.000000 1.451536 1.650625 3.455349 -4.564944 1.545432 8.426680 -1.635988 2.928831
Car -1 -1 -10 709.000000 179.000000 903.000000 318.000000 1.554952 1.675100 4.112852 2.688886 1.589797 10.961452 -1.601654 2.925364
Car -1 -1 -10 429.000000 188.000000 487.000000 233.000000 1.396589 1.613487 3.516397 -5.057012 1.535609 24.539415 -1.618623 2.900095
Car -1 -1 -10 559.000000 182.000000 601.000000 222.000000 1.537259 1.637353 3.996329 -1.162097 1.433214 30.856369 -1.620979 2.785979
Car -1 -1 -10 0.000000 169.000000 201.000000 294.000000 1.803972 1.612811 3.783134 -8.949223 1.570037 12.663960 -1.651443 2.670894
Car -1 -1 -10 219.000000 170.000000 350.000000 240.000000 2.174051 1.803852 4.833839 -9.375751 1.781929 21.630608 -1.578761 2.650657
Car -1 -1 -10 599.000000 185.000000 623.000000 204.000000 1.505678 1.624016 3.781301 0.283959 1.473897 54.422562 -1.532465 2.529970
Car -1 -1 -10 360.000000 186.000000 409.000000 223.000000 1.501148 1.623356 3.738651 -9.306093 1.553236 30.685425 -1.633860 2.392923
Car -1 -1 -10 450.000000 186.000000 496.000000 222.000000 1.495675 1.605249 3.597114 -5.934429 1.535822 31.722733 -1.595376 2.307358
Car -1 -1 -10 484.000000 184.000000 516.000000 209.000000 1.492593 1.583076 3.714981 -6.605488 1.471304 45.000217 -1.625596 2.134948
Car -1 -1 -10 549.000000 186.000000 574.000000 213.000000 1.448043 1.622327 3.685668 -2.587715 1.593640 39.957352 -1.694236 1.630683
