Car -1 -1 -10 857.000000 193.000000 1106.000000 274.000000 1.392126 1.580942 3.601943 6.528774 1.737228 12.992887 -0.061323 2.845248
Car -1 -1 -10 201.000000 179.000000 449.000000 264.000000 1.511391 1.557978 4.140824 -5.816190 1.707903 14.894813 0.068744 2.773501
Car -1 -1 -10 50.000000 186.000000 367.000000 300.000000 1.404905 1.633260 4.151019 -5.932571 1.657773 10.077800 -3.169116 2.750139
Car -1 -1 -10 716.000000 183.000000 841.000000 230.000000 1.450092 1.635556 4.073017 5.925112 1.904735 24.969046 -0.004300 2.743679
Car -1 -1 -10 409.000000 177.000000 522.000000 214.000000 1.471887 1.627882 4.299556 -6.360112 1.791654 33.077183 -0.031546 2.736906
Car -1 -1 -10 300.000000 177.000000 462.000000 237.000000 1.685077 1.660159 4.043540 -6.372120 1.766950 19.738270 -3.177842 2.641506
Car -1 -1 -10 0.000000 185.000000 234.000000 341.000000 1.483634 1.637483 3.778463 -6.274551 1.616831 7.772331 -3.200548 2.602017
Car -1 -1 -10 638.000000 182.000000 672.000000 209.000000 1.470251 1.582027 3.496488 2.564728 2.016801 39.297844 -1.552866 2.598307
Car -1 -1 -10 813.000000 185.000000 999.000000 265.000000 1.498070 1.653038 3.718012 6.479270 1.790880 15.336339 -0.067083 2.457227
Car -1 -1 -10 366.000000 179.000000 493.000000 225.000000 1.437616 1.596203 4.023596 -6.329164 1.795897 25.099539 -2.933558 1.965684
Car -1 -1 -10 1067.000000 183.000000 1234.000000 371.000000 1.430649 1.570584 3.865432 5.763756 1.726866 5.441513 3.167823 1.872045
