Car -1 -1 -10 521.000000 179.000000 591.000000 239.000000 1.571176 1.649925 3.599818 -1.703772 1.456035 21.894131 -1.727611 2.951789
Car -1 -1 -10 148.000000 186.000000 304.000000 259.000000 1.398337 1.640930 4.201654 -8.601209 1.502508 16.607935 -1.724669 2.919526
Car -1 -1 -10 419.000000 180.000000 483.000000 239.000000 1.523128 1.640630 3.457650 -4.634424 1.441814 21.353394 -1.720392 2.909683
Car -1 -1 -10 312.000000 183.000000 378.000000 226.000000 1.443468 1.627978 4.244362 -10.268064 1.454310 28.130177 -1.704904 2.861966
Car -1 -1 -10 43.000000 188.000000 193.000000 252.000000 1.467795 1.620585 3.403919 -12.227535 1.542490 18.311123 -1.702097 2.853796
Car -1 -1 -10 356.000000 184.000000 402.000000 214.000000 1.472796 1.578278 3.926631 -11.763347 1.420517 37.100353 -1.712879 2.667736
Car -1 -1 -10 502.000000 182.000000 524.000000 201.000000 1.499259 1.628554 3.950151 -7.889566 1.325615 59.272007 -1.690035 2.339222
Car -1 -1 -10 274.000000 185.000000 324.000000 213.000000 1.487529 1.620989 3.998746 -17.050142 1.592863 39.179771 -1.823448 2.151478
Car -1 -1 -10 182.000000 172.000000 269.000000 218.000000 1.528294 1.676540 4.288382 -14.589988 1.011987 27.469248 -1.676637 2.147210
Car -1 -1 -10 0.000000 197.000000 147.000000 357.000000 1.448643 1.645137 3.737336 -6.855178 1.796843 7.857062 4.586017 2.042350
Car -1 -1 -10 88.000000 181.000000 142.000000 203.000000 1.410739 1.571276 4.363660 -19.047712 1.047054 28.384396 -1.705363 1.138274
