Car -1 -1 -10 587.000000 189.000000 648.000000 235.000000 1.416040 1.643117 3.631836 0.100909 2.039215 24.498102 -1.685612 2.927712
Car -1 -1 -10 709.000000 200.000000 947.000000 334.000000 1.404957 1.623079 3.819328 2.511572 1.764808 9.445064 -1.710684 2.915487
Car -1 -1 -10 9.000000 215.000000 261.000000 362.000000 1.483468 1.585563 3.645732 -5.957294 2.094149 9.272038 1.401181 2.892162
Car -1 -1 -10 572.000000 188.000000 624.000000 224.000000 1.482364 1.661068 4.026250 -0.613079 2.096403 30.348520 -1.718331 2.867404
Car -1 -1 -10 788.000000 171.000000 924.000000 222.000000 1.506935 1.598198 3.609193 8.470737 1.439138 24.550190 -2.576093 2.820388
Car -1 -1 -10 403.000000 190.000000 447.000000 223.000000 1.584750 1.560997 3.495628 -9.997215 2.630030 38.832363 1.462667 2.818291
Car -1 -1 -10 1124.000000 171.000000 1241.000000 253.000000 1.412632 1.511935 3.926183 10.915857 1.402892 13.443131 2.273928 2.622687
Car -1 -1 -10 724.000000 179.000000 834.000000 212.000000 1.430732 1.693916 4.507259 6.932728 1.620539 30.883001 -2.691339 2.421972
Car -1 -1 -10 563.000000 183.000000 586.000000 204.000000 1.488683 1.596258 3.489463 -2.862041 2.343610 58.485222 -1.525336 1.955823
Car -1 -1 -10 419.000000 189.000000 455.000000 218.000000 1.509860 1.589400 3.931554 -10.437685 2.641690 44.334934 -1.682454 1.886758
Car -1 -1 -10 1044.000000 209.000000 1241.000000 374.000000 1.584898 1.686586 4.252974 3.478495 1.745178 2.118820 1.433414 1.691935
Car -1 -1 -10 203.000000 195.000000 273.000000 221.000000 1.496678 1.630256 3.508096 -16.906843 2.198002 31.279949 0.373403 1.373790
