Car -1 -1 -10 568.000000 190.000000 714.000000 276.000000 1.393732 1.620896 3.855183 0.345288 1.741819 13.542148 -1.875546 2.937197
Car -1 -1 -10 467.000000 182.000000 522.000000 222.000000 1.443805 1.621240 3.869114 -4.699112 1.831489 27.996176 -1.871336 2.898241
Car -1 -1 -10 25.000000 204.000000 201.000000 310.000000 1.478509 1.573014 3.644569 -8.008396 2.008308 11.908265 1.214000 2.851482
Car -1 -1 -10 284.000000 184.000000 329.000000 214.000000 1.547827 1.567371 3.693084 -17.131615 2.262354 40.486156 1.304835 2.849123
Car -1 -1 -10 453.000000 181.000000 500.000000 214.000000 1.502626 1.629218 3.957375 -6.438255 1.908350 33.665508 -1.854532 2.800266
Car -1 -1 -10 641.000000 165.000000 747.000000 208.000000 1.502245 1.640666 3.638130 3.597063 1.229325 29.524323 -2.757405 2.784555
Car -1 -1 -10 440.000000 177.000000 464.000000 198.000000 1.499867 1.621052 3.461700 -13.485991 1.916643 60.856415 -1.705657 2.313726
Car -1 -1 -10 724.000000 135.000000 1234.000000 374.000000 1.998077 1.768118 4.226463 2.898462 1.656341 6.024246 -1.851368 1.878546
Car -1 -1 -10 593.000000 174.000000 683.000000 205.000000 1.544161 1.681467 4.566584 1.101876 1.487071 35.552803 -2.853254 1.645080
Car -1 -1 -10 64.000000 190.000000 153.000000 219.000000 1.482168 1.444387 3.547686 -22.557417 1.944975 32.256355 -1.467013 1.434036
Car -1 -1 -10 301.000000 183.000000 337.000000 210.000000 1.500219 1.542797 3.760153 -18.423542 2.223507 45.651943 1.293171 1.217188
