Car -1 -1 -10 685.000000 172.000000 759.000000 230.000000 1.577626 1.599684 3.316040 3.203628 1.599996 21.508566 -1.619279 2.933274
Car -1 -1 -10 723.000000 175.000000 850.000000 266.000000 1.528320 1.567038 3.347834 3.401795 1.692348 14.807080 -1.628764 2.921093
Car -1 -1 -10 662.000000 171.000000 722.000000 218.000000 1.545412 1.559860 3.423859 2.800062 1.513134 26.028131 -1.633858 2.919208
Car -1 -1 -10 485.000000 169.000000 543.000000 212.000000 1.583100 1.620630 3.708013 -3.545403 1.439692 27.026775 1.558088 2.918051
Car -1 -1 -10 765.000000 185.000000 1003.000000 335.000000 1.420690 1.617471 4.061844 3.243992 1.673928 9.594231 -1.553578 2.917158
Car -1 -1 -10 312.000000 167.000000 476.000000 303.000000 1.627264 1.607293 3.729261 -3.213493 1.643197 10.890606 1.571986 2.915407
Car -1 -1 -10 947.000000 202.000000 1235.000000 372.000000 1.567765 1.662411 4.075988 3.645406 1.833458 4.130510 1.544604 2.615680
Car -1 -1 -10 647.000000 170.000000 691.000000 205.000000 1.456043 1.594044 3.988516 2.671434 1.410688 31.929331 -1.613535 2.540334
Car -1 -1 -10 0.000000 134.000000 416.000000 374.000000 1.845826 1.630497 4.124502 -2.807625 1.624058 5.540149 -1.606429 2.216692
Car -1 -1 -10 508.000000 169.000000 549.000000 203.000000 1.515705 1.639591 3.535661 -3.750467 1.355132 33.018066 4.699284 2.120111
