Car -1 -1 -10 609.000000 180.000000 718.000000 263.000000 1.566720 1.637612 3.952110 1.051175 1.522066 16.235996 -1.664835 2.961856
Car -1 -1 -10 304.000000 188.000000 408.000000 250.000000 1.390174 1.612725 3.756426 -6.394482 1.541263 18.629549 -1.683586 2.927057
Car -1 -1 -10 153.000000 192.000000 335.000000 292.000000 1.368746 1.626478 3.641571 -5.945312 1.558972 12.238289 -1.717146 2.914173
Car -1 -1 -10 501.000000 181.000000 549.000000 226.000000 1.504800 1.635362 3.526833 -3.190384 1.401904 27.681423 -1.694774 2.813852
Car -1 -1 -10 368.000000 184.000000 431.000000 227.000000 1.497987 1.634634 4.202380 -7.773667 1.553269 26.837343 -1.604962 2.789097
Car -1 -1 -10 418.000000 184.000000 456.000000 211.000000 1.462796 1.593050 3.728702 -9.359067 1.382809 38.801666 -1.753594 2.689866
Car -1 -1 -10 54.000000 164.000000 244.000000 263.000000 1.937246 1.724447 4.620487 -10.689148 1.556528 17.108858 -1.689889 2.584498
Car -1 -1 -10 547.000000 183.000000 568.000000 202.000000 1.478566 1.567219 3.756769 -4.025939 1.388068 57.497677 -1.689971 2.294512
Car -1 -1 -10 264.000000 185.000000 336.000000 229.000000 1.477847 1.570776 3.701040 -11.087225 1.480120 26.408838 -1.657829 2.130576
Car -1 -1 -10 2.000000 207.000000 83.000000 375.000000 1.488904 1.595189 4.000978 -5.020297 1.782690 4.335007 4.536160 2.117493
Car -1 -1 -10 494.000000 184.000000 524.000000 216.000000 1.471715 1.608873 3.572894 -5.107977 1.554001 36.866322 -1.786444 1.733554
Car -1 -1 -10 2.000000 174.000000 73.000000 216.000000 1.428501 1.583219 4.111537 -15.602099 0.975286 20.129370 1.408373 1.091029
