Car -1 -1 -10 791.000000 180.000000 1004.000000 307.000000 1.558157 1.594285 3.312932 3.982861 1.691506 10.616528 -1.635139 2.942675
Car -1 -1 -10 747.000000 182.000000 864.000000 260.000000 1.457880 1.641527 3.883199 4.013014 1.699479 15.757199 -1.544213 2.939570
Car -1 -1 -10 718.000000 179.000000 796.000000 234.000000 1.490270 1.582115 3.882331 4.150655 1.689030 21.299723 -1.533070 2.934656
Car -1 -1 -10 410.000000 183.000000 500.000000 241.000000 1.464510 1.571089 3.716171 -4.336177 1.813447 20.714437 1.587218 2.907194
Car -1 -1 -10 462.000000 182.000000 530.000000 226.000000 1.463058 1.511401 3.533523 -4.059991 1.814809 26.370251 1.618794 2.897606
Car -1 -1 -10 498.000000 182.000000 545.000000 216.000000 1.437390 1.600488 3.890399 -3.953390 1.851105 31.424868 1.643440 2.856967
Car -1 -1 -10 695.000000 178.000000 754.000000 221.000000 1.493672 1.591901 3.776688 4.198621 1.684815 26.362392 -1.561277 2.853894
Car -1 -1 -10 549.000000 177.000000 580.000000 201.000000 1.530615 1.594170 3.732648 -3.115643 1.861417 47.845703 1.543286 2.708654
Car -1 -1 -10 937.000000 201.000000 1237.000000 374.000000 1.489389 1.655380 3.792269 3.859714 1.767732 4.955333 -1.540035 2.604180
Car -1 -1 -10 689.000000 176.000000 731.000000 212.000000 1.554548 1.660104 3.872734 4.416050 1.679203 31.952295 -1.576327 1.802414
Car -1 -1 -10 689.000000 176.000000 731.000000 212.000000 1.558648 1.640723 3.610661 4.869117 1.731500 37.291130 -1.507209 1.727222
