Car -1 -1 -10 699.000000 187.000000 804.000000 253.000000 1.387024 1.617207 3.679163 3.134560 1.757773 16.537138 4.675692 2.921170
Car -1 -1 -10 657.000000 174.000000 701.000000 211.000000 1.928174 1.642632 3.575651 3.283741 1.953143 35.857979 -1.610561 2.911349
Car -1 -1 -10 0.000000 189.000000 365.000000 309.000000 1.445774 1.641395 4.385419 -5.856455 1.724291 9.760265 0.099552 2.901524
Car -1 -1 -10 781.000000 194.000000 1236.000000 374.000000 1.464167 1.681527 4.074959 2.780000 1.709558 5.788333 -1.614344 2.803920
Car -1 -1 -10 439.000000 176.000000 532.000000 213.000000 1.522357 1.647784 4.228376 -5.669980 1.820702 33.361366 0.059268 2.326881
Car -1 -1 -10 324.000000 181.000000 475.000000 239.000000 1.531413 1.644761 3.585636 -5.897336 1.716036 19.802456 -2.993451 2.275898
Car -1 -1 -10 145.000000 177.000000 376.000000 263.000000 1.698030 1.691896 4.331128 -5.872345 1.689932 12.419753 1.692612 2.253958
Car -1 -1 -10 394.000000 179.000000 518.000000 223.000000 1.451103 1.644190 4.233880 -5.395544 1.789824 25.708244 -3.009383 2.238542
Car -1 -1 -10 474.000000 174.000000 550.000000 206.000000 1.918823 1.735415 4.375288 -5.799695 1.952477 42.855247 -0.041023 1.717315
Car -1 -1 -10 642.000000 179.000000 670.000000 198.000000 1.470593 1.584327 4.237718 3.523057 2.010926 59.448269 -1.469591 0.810434
