Car -1 -1 -10 719.000000 176.000000 883.000000 282.000000 1.482199 1.651612 4.098869 3.110233 1.633134 12.756817 -1.569837 2.935921
Car -1 -1 -10 52.000000 199.000000 411.000000 374.000000 1.437895 1.579839 3.880762 -3.566011 1.789068 7.615723 1.576582 2.923501
Car -1 -1 -10 693.000000 176.000000 784.000000 240.000000 1.528308 1.578542 3.484071 3.169463 1.633369 18.407701 -1.578924 2.914803
Car -1 -1 -10 329.000000 185.000000 459.000000 291.000000 1.529909 1.549502 3.663424 -3.830719 1.822348 13.266830 1.544304 2.912214
Car -1 -1 -10 412.000000 183.000000 510.000000 251.000000 1.484541 1.594817 3.672909 -3.672143 1.762067 17.854025 1.590860 2.906359
Car -1 -1 -10 641.000000 175.000000 683.000000 204.000000 1.598346 1.605807 3.560615 2.819788 1.664418 39.957947 -1.773886 2.857217
Car -1 -1 -10 771.000000 185.000000 1197.000000 374.000000 1.436329 1.674758 4.241834 2.771427 1.666992 6.526553 -1.584265 2.827888
Car -1 -1 -10 559.000000 175.000000 598.000000 190.000000 1.501786 1.601061 3.721064 -3.001408 1.689986 69.623169 2.456354 2.026503
Car -1 -1 -10 5.000000 213.000000 129.000000 374.000000 1.497506 1.635833 3.854132 -3.524243 1.665887 2.198326 1.579176 1.717155
Car -1 -1 -10 597.000000 177.000000 627.000000 197.000000 1.532320 1.563349 3.566886 0.204594 1.779412 54.179840 -1.666054 1.550719
Car -1 -1 -10 750.000000 173.000000 814.000000 217.000000 1.550889 1.620911 3.848070 5.567093 1.496537 22.742693 -1.151227 1.057387
