Car -1 -1 -10 334.000000 182.000000 467.000000 263.000000 1.444240 1.631716 4.327878 -4.423751 1.408110 15.711680 -1.590154 2.954926
Car -1 -1 -10 582.000000 176.000000 663.000000 252.000000 1.559100 1.659672 3.638971 0.431085 1.413591 16.908501 -1.507951 2.912882
Car -1 -1 -10 189.000000 182.000000 286.000000 229.000000 1.420712 1.581058 3.575635 -12.348201 1.382374 24.180788 -1.590331 2.879056
Car -1 -1 -10 0.000000 200.000000 311.000000 371.000000 1.403547 1.594478 3.729306 -4.517269 1.570927 7.490742 -1.593901 2.860731
Car -1 -1 -10 319.000000 183.000000 398.000000 224.000000 1.446197 1.546270 3.822223 -8.292643 1.347376 24.529560 -1.504484 2.298806
Car -1 -1 -10 172.000000 175.000000 227.000000 201.000000 1.490753 1.674337 3.897342 -30.244045 0.950615 53.621124 1.591514 1.907513
Car -1 -1 -10 679.000000 182.000000 710.000000 201.000000 1.494312 1.583457 3.878667 7.250428 1.396116 61.384514 -1.305793 1.792020
Car -1 -1 -10 7.000000 177.000000 174.000000 237.000000 1.430291 1.552808 3.880134 -8.627973 1.179453 12.596822 1.512697 1.599997
Car -1 -1 -10 614.000000 169.000000 652.000000 216.000000 1.474632 1.596115 3.671983 1.685085 1.116031 36.951553 1.800519 0.966252
Car -1 -1 -10 385.000000 179.000000 428.000000 206.000000 1.701496 1.604328 3.745265 -6.208049 0.973794 23.117357 -2.202853 0.877229
