Car -1 -1 -10 663.000000 182.000000 726.000000 229.000000 1.490826 1.622939 3.847966 2.626900 1.798870 23.821421 -1.579336 2.924770
Car -1 -1 -10 102.000000 200.000000 384.000000 371.000000 1.457361 1.570427 3.466090 -3.838892 1.843081 8.156069 1.598459 2.905008
Car -1 -1 -10 851.000000 164.000000 1082.000000 234.000000 1.455120 1.660494 4.478605 8.207128 1.355889 16.874128 3.144860 2.863190
Car -1 -1 -10 473.000000 185.000000 512.000000 214.000000 1.464963 1.549259 3.915286 -6.303881 2.211963 39.491329 1.580760 2.733746
Car -1 -1 -10 280.000000 196.000000 400.000000 267.000000 1.472262 1.620838 3.545748 -6.355513 2.076294 17.481264 1.573757 2.675378
Car -1 -1 -10 392.000000 184.000000 478.000000 236.000000 1.468728 1.640016 4.484645 -6.468514 2.109013 25.098982 1.544177 2.544090
Car -1 -1 -10 769.000000 165.000000 911.000000 211.000000 1.642176 1.708155 4.307647 8.017944 1.466787 26.092821 3.098897 2.087089
Car -1 -1 -10 824.000000 164.000000 981.000000 224.000000 1.724984 1.648546 4.134779 7.975487 1.443860 19.827715 3.186299 2.007406
Car -1 -1 -10 975.000000 155.000000 1083.000000 199.000000 1.529151 1.500419 3.082545 20.990376 0.817069 36.469997 -1.364568 1.527689
Car -1 -1 -10 1127.000000 138.000000 1236.000000 188.000000 1.828686 1.667480 3.863197 21.472052 0.583602 26.878418 -1.455024 1.506718
Car -1 -1 -10 1103.000000 145.000000 1195.000000 190.000000 1.515638 1.621560 4.260967 22.503059 0.576807 29.442736 -0.211516 1.319482
Car -1 -1 -10 489.000000 185.000000 522.000000 209.000000 1.469719 1.605159 3.706826 -6.471486 2.215898 44.783497 -1.590710 1.201988
Car -1 -1 -10 632.000000 179.000000 650.000000 196.000000 1.526802 1.619495 3.854930 2.627327 1.860296 52.341717 -1.377891 0.790471
