Car -1 -1 -10 856.000000 182.000000 1206.000000 373.000000 1.572070 1.593802 3.361349 3.882171 1.701931 7.372844 -1.588659 2.923322
Car -1 -1 -10 361.000000 184.000000 477.000000 255.000000 1.456065 1.614937 3.818010 -4.487793 1.821102 17.483675 1.616271 2.923212
Car -1 -1 -10 701.000000 179.000000 771.000000 230.000000 1.474187 1.630493 4.155996 3.989499 1.693273 23.290554 -1.574274 2.915762
Car -1 -1 -10 766.000000 186.000000 934.000000 285.000000 1.467019 1.634087 3.680642 3.920935 1.711712 12.528831 -1.551488 2.913190
Car -1 -1 -10 728.000000 181.000000 823.000000 246.000000 1.472355 1.578898 3.714153 3.979325 1.673778 18.124523 -1.549695 2.909676
Car -1 -1 -10 479.000000 182.000000 534.000000 221.000000 1.470534 1.641178 4.121207 -4.170483 1.826480 28.437235 1.613989 2.893398
Car -1 -1 -10 434.000000 183.000000 511.000000 233.000000 1.432672 1.575509 3.812117 -4.289534 1.823557 23.155275 1.635556 2.826345
Car -1 -1 -10 538.000000 178.000000 571.000000 203.000000 1.480577 1.538230 3.403268 -3.371603 1.840405 44.393368 1.671716 2.766171
Car -1 -1 -10 691.000000 177.000000 736.000000 217.000000 1.503916 1.577000 3.557351 4.590564 1.749769 33.933308 -1.505139 2.667940
Car -1 -1 -10 691.000000 177.000000 736.000000 217.000000 1.554101 1.628246 3.679994 4.060573 1.717261 28.468042 -1.605166 2.587881
Car -1 -1 -10 553.000000 177.000000 579.000000 200.000000 1.506900 1.636764 3.929951 -2.833416 1.773122 49.279057 1.640461 1.550863
Car -1 -1 -10 1152.000000 176.000000 1241.000000 228.000000 1.525230 1.605943 3.994241 13.369587 1.274394 15.669831 -0.633408 1.540223
Car -1 -1 -10 985.000000 175.000000 1168.000000 230.000000 1.756161 1.581834 4.493637 17.228014 1.766046 26.753082 -0.191944 1.471121
Car -1 -1 -10 985.000000 175.000000 1168.000000 230.000000 1.715021 1.687543 3.809412 12.574920 1.369534 20.165890 -1.951359 1.448131
Car -1 -1 -10 687.000000 177.000000 718.000000 208.000000 1.526803 1.653749 3.789510 4.912318 1.815407 39.359798 -1.575155 1.417142
