Car -1 -1 -10 744.000000 183.000000 1098.000000 374.000000 1.411121 1.641720 4.078421 2.708737 1.603067 7.222623 -1.571080 2.871980
Car -1 -1 -10 290.000000 167.000000 473.000000 225.000000 1.454684 1.672747 4.139370 -6.399838 1.369472 18.920364 -3.222702 2.542032
Car -1 -1 -10 635.000000 172.000000 661.000000 193.000000 1.485633 1.573105 3.900508 2.650235 1.445548 50.821281 -1.516744 2.496032
Car -1 -1 -10 746.000000 176.000000 848.000000 221.000000 1.443109 1.594631 3.727068 6.740460 1.547300 24.203873 -0.005744 2.491388
Car -1 -1 -10 290.000000 167.000000 473.000000 225.000000 1.414511 1.614462 4.312506 -6.111308 1.381869 21.360132 -3.156926 2.417790
Car -1 -1 -10 363.000000 166.000000 511.000000 215.000000 1.460788 1.619900 4.186830 -5.880404 1.357575 25.921877 -6.230807 2.397006
Car -1 -1 -10 690.000000 173.000000 756.000000 204.000000 1.538344 1.667673 3.586243 5.677707 1.547338 36.119816 0.007302 2.304124
Car -1 -1 -10 819.000000 177.000000 1105.000000 290.000000 1.440398 1.584821 3.735528 6.158666 1.618243 12.290295 0.069875 2.015924
Car -1 -1 -10 0.000000 170.000000 347.000000 309.000000 1.549283 1.590962 4.246943 -5.699090 1.473650 9.275223 0.159371 1.881159
Car -1 -1 -10 160.000000 166.000000 414.000000 259.000000 1.821472 1.676817 4.210572 -5.545506 1.469905 11.262563 -3.141565 1.763180
Car -1 -1 -10 447.000000 165.000000 535.000000 200.000000 1.522644 1.617306 4.084443 -5.965107 1.308874 36.674004 -2.608069 1.716628
Car -1 -1 -10 2.000000 166.000000 67.000000 341.000000 1.517297 1.639789 4.015876 -7.412658 1.452661 7.104156 -3.115069 0.949477
