Car -1 -1 -10 729.000000 187.000000 819.000000 251.000000 1.454380 1.639625 4.158743 4.040579 1.890537 18.613235 -1.501438 2.905827
Car -1 -1 -10 776.000000 188.000000 948.000000 293.000000 1.526551 1.584155 3.982992 4.084527 1.891052 12.434831 1.565384 2.897603
Car -1 -1 -10 424.000000 161.000000 547.000000 274.000000 1.835120 1.728386 4.443037 -2.319019 1.782072 15.054090 -1.551440 2.874007
Car -1 -1 -10 717.000000 183.000000 779.000000 237.000000 1.525350 1.599366 3.565387 4.442611 1.895366 23.597803 -1.548843 2.857917
Car -1 -1 -10 554.000000 177.000000 596.000000 209.000000 1.538746 1.569788 3.757658 -1.620094 1.808988 36.353954 1.711580 2.767953
Car -1 -1 -10 700.000000 180.000000 747.000000 222.000000 1.510335 1.634700 3.663187 4.701918 1.946930 30.580811 -1.566082 2.657985
Car -1 -1 -10 3.000000 205.000000 333.000000 374.000000 1.489242 1.560590 3.342447 -2.870350 1.696770 3.540053 1.543227 2.502063
Car -1 -1 -10 919.000000 187.000000 1241.000000 374.000000 1.630285 1.622894 3.383168 3.481031 1.725370 5.488231 -1.635333 2.369811
Car -1 -1 -10 690.000000 180.000000 729.000000 215.000000 1.496635 1.578701 3.912600 4.531671 1.863527 35.186394 -1.555837 2.335206
Car -1 -1 -10 497.000000 179.000000 560.000000 242.000000 1.536467 1.634875 3.849602 -2.365932 1.776332 20.420349 1.607181 2.183293
Car -1 -1 -10 679.000000 179.000000 714.000000 208.000000 1.501552 1.600787 3.751716 4.778617 1.866883 40.697388 -1.574802 1.541524
Car -1 -1 -10 574.000000 177.000000 603.000000 202.000000 1.510727 1.600271 3.817983 -1.472742 1.737201 42.396065 1.607330 1.348340
