Car -1 -1 -10 635.000000 188.000000 672.000000 219.000000 1.489645 1.629778 3.979838 2.212875 2.347634 37.647831 -1.608191 2.824999
Car -1 -1 -10 240.000000 181.000000 445.000000 252.000000 1.623255 1.697356 4.131700 -6.880675 1.956248 18.296568 -3.128216 2.631233
Car -1 -1 -10 747.000000 191.000000 913.000000 253.000000 1.453442 1.597891 3.974754 5.764107 2.074366 19.545572 2.864543 2.615094
Car -1 -1 -10 878.000000 186.000000 1241.000000 363.000000 1.420660 1.678107 4.161206 2.818041 1.693903 3.526803 -1.612154 2.551808
Car -1 -1 -10 16.000000 189.000000 368.000000 301.000000 1.519585 1.608203 4.107323 -6.006563 1.801994 10.021794 -4.635102 2.505142
Car -1 -1 -10 809.000000 193.000000 982.000000 274.000000 1.478390 1.640792 3.590303 6.015120 1.911047 14.324218 -0.149097 2.475034
Car -1 -1 -10 727.000000 184.000000 851.000000 243.000000 1.471401 1.632155 3.907527 5.453731 2.104965 22.195354 -0.033016 2.466815
Car -1 -1 -10 169.000000 189.000000 383.000000 276.000000 1.517408 1.630619 3.671411 -6.508926 1.900790 13.701562 -3.025983 2.408915
Car -1 -1 -10 873.000000 193.000000 1083.000000 298.000000 1.471496 1.623981 3.708857 6.195687 1.863723 11.312345 0.018801 2.326874
Car -1 -1 -10 393.000000 188.000000 509.000000 224.000000 1.474886 1.603431 4.110609 -6.837231 2.207070 31.954472 -3.122956 1.773831
Car -1 -1 -10 309.000000 182.000000 496.000000 239.000000 2.007711 1.639783 3.948553 -6.661664 2.059386 20.687275 -3.413616 1.140008
