Car -1 -1 -10 715.000000 177.000000 849.000000 271.000000 1.482149 1.630884 3.674579 3.015987 1.587253 13.289172 -1.517773 2.957143
Car -1 -1 -10 431.000000 181.000000 495.000000 222.000000 1.478671 1.555261 3.904329 -5.832765 1.903025 29.060808 1.627924 2.813285
Car -1 -1 -10 293.000000 182.000000 424.000000 260.000000 1.600549 1.686561 4.154242 -5.990621 1.892414 18.035837 -1.540154 2.805905
Car -1 -1 -10 893.000000 148.000000 1160.000000 229.000000 1.523782 1.639348 4.286586 8.492561 1.076113 15.474027 3.166927 2.784624
Car -1 -1 -10 463.000000 181.000000 510.000000 214.000000 1.488926 1.594990 3.846498 -5.858081 1.905327 34.532742 1.602205 2.485293
Car -1 -1 -10 0.000000 215.000000 177.000000 372.000000 1.454314 1.579933 3.575494 -6.080239 1.905115 6.926466 1.554969 2.452004
Car -1 -1 -10 483.000000 181.000000 521.000000 208.000000 1.454908 1.599196 3.990228 -5.818603 1.872497 39.603249 1.601245 1.934767
Car -1 -1 -10 230.000000 192.000000 377.000000 274.000000 1.564759 1.541706 4.124022 -6.045407 1.930521 14.652149 1.582640 1.863267
Car -1 -1 -10 729.000000 161.000000 820.000000 201.000000 1.502248 1.637083 4.002266 9.388315 1.054457 40.631618 3.470613 1.662217
Car -1 -1 -10 1055.000000 142.000000 1241.000000 273.000000 1.594616 1.628078 3.889821 8.164470 1.199350 9.494516 3.021364 1.529764
Car -1 -1 -10 924.000000 150.000000 1001.000000 179.000000 1.564248 1.630013 3.743996 22.350157 0.261351 46.166538 1.701798 1.327360
Car -1 -1 -10 649.000000 173.000000 673.000000 195.000000 1.541686 1.625947 4.124915 3.355011 1.419687 47.440113 4.695321 1.194816
Car -1 -1 -10 1097.000000 134.000000 1240.000000 216.000000 1.549352 1.627602 3.919284 20.695593 0.714705 26.608347 1.525611 1.145859
Car -1 -1 -10 499.000000 180.000000 533.000000 203.000000 1.509324 1.561029 3.889582 -5.663404 1.935910 45.404861 1.683698 1.084956
