Car -1 -1 -10 484.000000 188.000000 614.000000 263.000000 1.398859 1.606081 3.888125 -1.491761 1.724294 15.197733 -2.007078 2.937915
Car -1 -1 -10 381.000000 181.000000 439.000000 221.000000 1.499874 1.635905 3.983729 -8.326489 1.800742 29.021400 -2.001296 2.867158
Car -1 -1 -10 367.000000 180.000000 414.000000 212.000000 1.551032 1.674865 4.030920 -10.653026 1.884220 34.161354 -2.003263 2.776336
Car -1 -1 -10 0.000000 203.000000 125.000000 305.000000 1.525421 1.617137 3.834417 -9.684186 2.077310 12.576778 1.081745 2.775276
Car -1 -1 -10 546.000000 165.000000 652.000000 204.000000 1.494861 1.727597 4.193210 -0.433016 1.172562 31.528202 -2.856747 2.662189
Car -1 -1 -10 188.000000 184.000000 234.000000 215.000000 1.504294 1.565619 3.864338 -22.215124 2.334661 39.949856 1.250497 2.611505
Car -1 -1 -10 626.000000 142.000000 1024.000000 361.000000 1.959344 1.785142 4.506696 1.893308 1.682461 8.159977 -1.965946 2.450310
Car -1 -1 -10 1056.000000 156.000000 1241.000000 239.000000 1.421767 1.621077 4.264386 9.866831 1.201630 13.614968 1.844875 2.271604
Car -1 -1 -10 350.000000 176.000000 376.000000 197.000000 1.478761 1.589497 3.707824 -21.022060 1.915073 60.491108 -1.886504 2.078211
Car -1 -1 -10 546.000000 165.000000 652.000000 204.000000 1.862130 1.674866 4.281413 -0.122349 1.262501 23.176573 -1.456555 1.901605
Car -1 -1 -10 507.000000 173.000000 590.000000 204.000000 1.517065 1.728025 4.604609 -3.590409 1.476852 37.080254 -2.973364 1.649440
Car -1 -1 -10 875.000000 157.000000 1039.000000 233.000000 1.471945 1.539020 3.966427 8.039348 1.143878 15.775513 1.600091 1.647719
Car -1 -1 -10 205.000000 184.000000 243.000000 210.000000 1.467951 1.568063 3.428890 -23.833073 2.272257 44.542965 1.297995 1.491166
Car -1 -1 -10 996.000000 157.000000 1134.000000 214.000000 1.530875 1.631711 3.944110 14.519830 0.780689 23.190567 -2.003200 1.146652
Car -1 -1 -10 1132.000000 143.000000 1241.000000 215.000000 1.602050 1.653625 4.037530 18.707857 0.845109 23.874601 -0.801272 0.672756
