Car -1 -1 -10 115.000000 195.000000 354.000000 306.000000 1.458882 1.544342 3.621879 -5.760515 1.857123 11.945271 1.591876 2.937759
Car -1 -1 -10 717.000000 180.000000 833.000000 257.000000 1.427596 1.574328 3.608466 3.383210 1.651736 15.519929 1.514707 2.907785
Car -1 -1 -10 369.000000 184.000000 465.000000 241.000000 1.449618 1.626129 4.103292 -5.699253 1.847173 21.013424 1.685128 2.898898
Car -1 -1 -10 664.000000 177.000000 714.000000 215.000000 1.478645 1.569141 3.591086 3.074101 1.678955 29.901880 -1.630738 2.866802
Car -1 -1 -10 684.000000 178.000000 765.000000 233.000000 1.458047 1.626586 4.175059 3.275590 1.724992 21.229494 -1.643675 2.843344
Car -1 -1 -10 831.000000 178.000000 1241.000000 374.000000 1.520961 1.632651 3.919042 3.237546 1.645429 5.685616 -1.543172 2.835616
Car -1 -1 -10 471.000000 176.000000 517.000000 209.000000 1.499378 1.503968 3.670120 -5.694499 1.823861 35.939526 1.614200 2.418786
Car -1 -1 -10 1.000000 208.000000 191.000000 370.000000 1.584992 1.676276 3.991698 -5.745701 1.954639 6.124871 1.596356 2.410157
Car -1 -1 -10 515.000000 173.000000 557.000000 195.000000 1.502186 1.573344 3.475007 -6.301997 1.736489 60.562992 -2.823999 1.700119
Car -1 -1 -10 104.000000 186.000000 254.000000 227.000000 1.475906 1.539091 3.472588 -14.969000 1.907434 25.794594 -1.789603 1.503230
