Car -1 -1 -10 704.000000 186.000000 831.000000 271.000000 1.460968 1.546541 3.575005 2.911192 1.651504 14.167433 -1.621647 1.942516
Car -1 -1 -10 172.000000 173.000000 430.000000 354.000000 1.516422 1.551100 3.560404 -3.256321 1.599212 8.175208 1.535370 1.936614
Car -1 -1 -10 445.000000 179.000000 523.000000 231.000000 1.411482 1.584327 3.791614 -3.514170 1.588568 20.526518 1.552308 1.919536
Car -1 -1 -10 652.000000 178.000000 705.000000 219.000000 1.541327 1.635641 3.971020 2.679671 1.762988 29.324551 1.499061 1.904058
Car -1 -1 -10 496.000000 172.000000 549.000000 213.000000 1.476455 1.554174 3.617391 -3.481939 1.540796 28.805128 1.603412 1.900841
Car -1 -1 -10 526.000000 174.000000 565.000000 203.000000 1.493555 1.598845 3.748510 -3.379880 1.532609 38.071136 1.597328 1.321870
Car -1 -1 -10 871.000000 55.000000 1235.000000 363.000000 1.872132 1.656250 3.842499 2.987338 1.366593 3.886248 -1.642359 0.760986
Car -1 -1 -10 547.000000 175.000000 573.000000 197.000000 1.504604 1.632913 3.966983 -3.435349 1.663399 49.724377 1.607639 0.742034
Car -1 -1 -10 635.000000 179.000000 666.000000 201.000000 1.514935 1.602517 3.734897 2.661061 1.925053 48.356857 1.527206 0.521045
Car -1 -1 -10 643.000000 180.000000 680.000000 210.000000 1.433750 1.580884 3.713094 2.710264 1.878530 38.476608 -1.568767 0.478945
