Car -1 -1 -10 561.000000 174.000000 613.000000 218.000000 1.646229 1.691519 4.157116 -0.919651 1.771275 30.204760 1.625642 1.931457
Car -1 -1 -10 347.000000 183.000000 532.000000 313.000000 1.445092 1.598044 3.691160 -2.240893 1.672319 10.420869 -1.520818 1.924584
Car -1 -1 -10 724.000000 182.000000 803.000000 253.000000 1.599470 1.565059 3.141157 3.645859 1.903023 17.889347 -1.487322 1.920385
Car -1 -1 -10 684.000000 177.000000 708.000000 198.000000 1.520395 1.655855 3.771975 6.425786 1.895890 54.350197 1.649465 1.754424
Car -1 -1 -10 592.000000 177.000000 628.000000 209.000000 1.520889 1.603007 3.782096 0.037422 1.878993 38.173889 -1.474106 1.719459
Car -1 -1 -10 20.000000 184.000000 346.000000 374.000000 1.476699 1.610164 3.682934 -2.853876 1.620066 3.469306 1.609298 1.687142
Car -1 -1 -10 713.000000 185.000000 765.000000 234.000000 1.472583 1.546168 3.379806 3.990574 1.887931 22.418484 -1.437591 1.683828
Car -1 -1 -10 398.000000 173.000000 515.000000 217.000000 1.457272 1.609683 3.909402 -4.999338 1.510317 24.179201 -3.138676 1.591733
Car -1 -1 -10 887.000000 211.000000 1230.000000 371.000000 1.530215 1.584872 3.645783 2.499860 1.713342 2.434558 -1.615186 1.434810
Car -1 -1 -10 627.000000 171.000000 647.000000 189.000000 1.629697 1.561171 3.889167 2.545162 1.519676 68.216400 1.604089 0.761617
