Car -1 -1 -10 249.000000 199.000000 377.000000 263.000000 1.434577 1.609738 3.870094 -7.547626 2.043756 17.506701 -2.372964 1.899997
Car -1 -1 -10 710.000000 180.000000 801.000000 234.000000 1.420743 1.692228 4.388303 3.876446 1.585772 19.783527 1.651211 1.881369
Car -1 -1 -10 111.000000 193.000000 183.000000 233.000000 1.396352 1.589247 3.545278 -18.404594 2.258327 28.362837 -2.300208 1.868037
Car -1 -1 -10 387.000000 166.000000 647.000000 304.000000 1.809353 1.714983 4.410264 -1.813627 1.837171 11.969028 -2.314864 1.817382
Car -1 -1 -10 310.000000 180.000000 408.000000 217.000000 1.566798 1.653130 4.045165 -11.516778 1.903861 33.312748 -3.256748 1.676625
Car -1 -1 -10 90.000000 191.000000 154.000000 226.000000 1.500052 1.582429 3.538118 -22.326115 2.296084 32.535965 -2.325047 1.548206
Car -1 -1 -10 630.000000 179.000000 698.000000 231.000000 1.559286 1.544392 3.749426 1.517808 1.798198 21.679827 1.686536 1.341543
Car -1 -1 -10 49.000000 186.000000 84.000000 211.000000 1.483402 1.608246 3.645420 -40.932800 2.636442 54.095730 -2.231605 1.015497
Car -1 -1 -10 255.000000 186.000000 343.000000 211.000000 1.597525 1.616268 3.999289 -16.370481 2.135951 37.742695 -0.210107 0.646762
Car -1 -1 -10 774.000000 173.000000 925.000000 224.000000 1.476507 1.692542 3.972442 5.988798 1.293492 17.759987 -2.257595 0.503101
