Car -1 -1 -10 595.000000 174.000000 717.000000 262.000000 1.446934 1.578832 3.620500 1.047860 1.569725 14.473928 -1.245540 1.953185
Car -1 -1 -10 331.000000 172.000000 615.000000 359.000000 1.520390 1.584769 3.834726 -1.208918 1.631295 7.787639 1.829135 1.948935
Car -1 -1 -10 739.000000 168.000000 787.000000 208.000000 1.711279 1.720577 4.170839 7.035143 1.555233 33.348217 1.812530 1.925224
Car -1 -1 -10 945.000000 206.000000 1237.000000 374.000000 1.572199 1.510589 3.122246 3.886837 1.793236 6.247799 -1.325725 1.881958
Car -1 -1 -10 883.000000 179.000000 956.000000 239.000000 1.552802 1.600809 3.308862 8.719927 1.777112 20.323128 -1.196155 1.824684
Car -1 -1 -10 861.000000 173.000000 888.000000 194.000000 1.475070 1.650940 3.762471 20.087446 1.543459 55.119595 1.871336 1.733625
Car -1 -1 -10 767.000000 170.000000 803.000000 201.000000 1.452977 1.572086 3.735585 9.935984 1.475803 40.794968 -1.208037 1.589728
Car -1 -1 -10 3.000000 173.000000 412.000000 370.000000 1.507517 1.597802 3.624215 -2.534056 1.548691 3.654845 -1.417464 1.572162
Car -1 -1 -10 607.000000 164.000000 696.000000 228.000000 1.480842 1.659675 4.143847 1.031399 1.244749 21.375187 1.504335 1.306182
Car -1 -1 -10 803.000000 165.000000 826.000000 183.000000 1.497810 1.664222 4.079081 15.764114 0.897303 55.359329 1.868418 0.736924
