Car -1 -1 -10 722.000000 168.000000 812.000000 237.000000 1.733262 1.720064 4.684552 4.524448 1.618515 20.999722 -1.517889 1.968171
Car -1 -1 -10 364.000000 185.000000 480.000000 260.000000 1.464775 1.562547 3.925064 -4.286571 1.786059 16.863560 1.625176 1.922709
Car -1 -1 -10 0.000000 183.000000 318.000000 374.000000 1.479956 1.633733 3.873263 -4.537848 1.785504 7.302362 1.558868 1.920001
Car -1 -1 -10 264.000000 194.000000 420.000000 300.000000 1.418434 1.527829 3.659582 -4.430974 1.842233 12.218437 1.582761 1.908996
Car -1 -1 -10 549.000000 177.000000 587.000000 203.000000 1.522252 1.692408 4.011152 -2.709874 1.769566 43.567684 1.390375 1.891288
Car -1 -1 -10 706.000000 174.000000 762.000000 214.000000 1.551028 1.638480 3.855067 5.496242 1.693873 33.112148 -1.511301 1.525934
Car -1 -1 -10 706.000000 174.000000 762.000000 214.000000 1.486539 1.562732 3.839257 4.702360 1.664025 27.376812 -1.509670 1.313615
Car -1 -1 -10 698.000000 174.000000 728.000000 205.000000 1.514495 1.588258 3.840241 5.512702 1.591872 38.483315 -1.487518 0.893598
Car -1 -1 -10 605.000000 174.000000 625.000000 190.000000 1.469190 1.584387 3.611070 0.288351 1.599106 70.374977 -1.601299 0.534700
Car -1 -1 -10 2.000000 174.000000 90.000000 226.000000 1.459377 1.548505 3.408716 -16.830709 1.562456 21.341434 0.452866 0.520966
Car -1 -1 -10 569.000000 176.000000 598.000000 199.000000 1.502235 1.655078 3.896763 -1.991454 1.890248 54.155762 1.565534 0.482037
