Car -1 -1 -10 161.000000 197.000000 345.000000 299.000000 1.449147 1.535094 3.491446 -6.075047 1.918549 12.871079 1.588758 1.949634
Car -1 -1 -10 693.000000 178.000000 810.000000 255.000000 1.521571 1.576855 3.674696 3.083220 1.657092 16.291687 -1.655098 1.942309
Car -1 -1 -10 412.000000 177.000000 479.000000 229.000000 1.629431 1.598492 3.855109 -6.076321 1.992319 26.554676 1.573221 1.937474
Car -1 -1 -10 312.000000 194.000000 425.000000 260.000000 1.463418 1.590364 3.967615 -6.072901 1.979484 18.430038 1.581346 1.935935
Car -1 -1 -10 451.000000 179.000000 502.000000 218.000000 1.553558 1.620878 4.023811 -6.160298 2.054997 33.562607 1.568033 1.882019
Car -1 -1 -10 559.000000 179.000000 583.000000 197.000000 1.501940 1.672298 3.880424 -3.245760 1.991013 60.265446 1.553496 1.555555
Car -1 -1 -10 634.000000 176.000000 656.000000 193.000000 1.596942 1.573714 3.520585 3.076558 1.833559 65.380180 -1.588618 1.047789
Car -1 -1 -10 525.000000 180.000000 550.000000 199.000000 1.516014 1.617351 3.833398 -5.930934 2.150397 58.953159 1.550328 0.959490
Car -1 -1 -10 681.000000 171.000000 750.000000 190.000000 1.539738 1.585906 3.520097 6.451024 1.208245 45.256481 -1.464917 0.674891
Car -1 -1 -10 485.000000 182.000000 524.000000 207.000000 1.416945 1.550860 3.718085 -6.706501 1.867476 40.190380 1.951285 0.629898
Car -1 -1 -10 790.000000 168.000000 853.000000 200.000000 1.473688 1.593329 3.750266 10.644464 1.296338 36.225010 -1.280107 0.279169
