Car -1 -1 -10 461.000000 182.000000 511.000000 215.000000 1.435860 1.548583 3.509911 -5.591882 1.837772 32.007847 1.225755 1.916773
Car -1 -1 -10 338.000000 183.000000 415.000000 211.000000 1.551142 1.603917 4.140236 -12.511976 2.110879 38.966099 0.547037 1.858763
Car -1 -1 -10 0.000000 197.000000 200.000000 374.000000 1.488203 1.636671 3.927300 -6.010875 1.805309 7.117580 1.533711 1.717852
Car -1 -1 -10 882.000000 192.000000 1237.000000 374.000000 1.525794 1.605035 3.826636 2.927090 1.651182 3.890245 -1.601261 1.650786
Car -1 -1 -10 108.000000 182.000000 200.000000 235.000000 1.470857 1.548732 3.515305 -15.309186 1.929369 24.261459 1.325629 1.560294
Car -1 -1 -10 539.000000 178.000000 597.000000 199.000000 1.576884 1.673485 4.278138 -2.900698 1.911906 49.600395 -0.628261 1.267059
Car -1 -1 -10 644.000000 175.000000 701.000000 196.000000 1.548624 1.615362 4.275281 4.542594 1.825425 52.923386 2.770133 1.163051
Car -1 -1 -10 514.000000 174.000000 575.000000 198.000000 1.901739 1.797706 4.414462 -5.249704 2.130758 59.982830 0.021382 0.539126
Car -1 -1 -10 28.000000 185.000000 133.000000 236.000000 1.462137 1.597481 3.646839 -18.247713 1.862914 25.116493 -1.712161 0.536962
Car -1 -1 -10 0.000000 189.000000 67.000000 243.000000 1.460489 1.511924 3.605343 -10.644496 1.468687 11.585773 1.547287 0.467265
