Car -1 -1 -10 543.000000 174.000000 669.000000 264.000000 1.500705 1.585572 3.765291 0.016186 1.542864 13.878276 -1.326052 1.946386
Car -1 -1 -10 237.000000 170.000000 559.000000 374.000000 1.441885 1.609665 3.895658 -1.787561 1.583259 7.092035 1.750187 1.900983
Car -1 -1 -10 690.000000 167.000000 738.000000 207.000000 1.605561 1.698099 4.084284 4.825913 1.416523 32.828289 1.733251 1.860148
Car -1 -1 -10 912.000000 201.000000 1233.000000 374.000000 1.558230 1.526058 3.190352 3.467091 1.792073 5.851910 -1.383695 1.848324
Car -1 -1 -10 834.000000 177.000000 906.000000 239.000000 1.521474 1.592493 3.675331 7.237289 1.704386 20.357458 -1.310326 1.821943
Car -1 -1 -10 810.000000 171.000000 835.000000 192.000000 1.509684 1.651438 3.967288 16.348492 1.435122 55.781376 1.813025 1.640140
Car -1 -1 -10 720.000000 169.000000 753.000000 200.000000 1.503829 1.585801 3.998405 7.134405 1.446799 40.684963 -1.286523 1.615494
Car -1 -1 -10 5.000000 167.000000 299.000000 372.000000 1.553412 1.590195 3.710356 -3.258458 1.616681 4.045207 -1.684298 1.265270
Car -1 -1 -10 754.000000 164.000000 775.000000 182.000000 1.570167 1.644693 3.888860 11.633891 0.820467 54.059620 1.737989 0.639311
Car -1 -1 -10 832.000000 177.000000 879.000000 222.000000 1.513418 1.563720 3.563156 8.262947 1.614112 24.718361 -1.287262 0.629282
