Car -1 -1 -10 677.000000 184.000000 751.000000 238.000000 1.416423 1.576605 3.546923 2.826120 1.707940 20.488789 -1.572458 1.945334
Car -1 -1 -10 782.000000 170.000000 1134.000000 374.000000 1.564049 1.602186 3.379479 2.731638 1.612450 6.693449 -1.641119 1.907787
Car -1 -1 -10 734.000000 174.000000 836.000000 221.000000 1.547882 1.672614 3.962282 5.916493 1.689391 25.581280 0.028917 1.777957
Car -1 -1 -10 633.000000 178.000000 659.000000 199.000000 1.537682 1.660774 3.877903 2.686104 1.967914 54.131672 1.579488 1.727072
Car -1 -1 -10 259.000000 182.000000 467.000000 252.000000 1.457130 1.595690 4.463088 -6.068274 1.722110 17.874313 0.131756 1.534094
Car -1 -1 -10 0.000000 179.000000 271.000000 343.000000 1.575195 1.612650 3.921773 -5.982279 1.677069 8.379163 0.422730 1.516936
Car -1 -1 -10 368.000000 180.000000 492.000000 225.000000 1.525043 1.544711 4.077364 -5.976929 1.765970 22.871603 0.295291 1.504471
Car -1 -1 -10 0.000000 188.000000 148.000000 374.000000 1.473766 1.600802 3.862243 -5.418395 1.817203 4.883822 1.578112 1.287887
Car -1 -1 -10 404.000000 178.000000 519.000000 212.000000 1.479373 1.570744 3.704348 -6.023340 1.574742 28.258442 0.719143 1.090628
Car -1 -1 -10 683.000000 175.000000 733.000000 202.000000 1.541310 1.621881 3.693308 5.445984 1.703932 40.656532 -0.034224 0.957956
Car -1 -1 -10 42.000000 185.000000 339.000000 278.000000 1.438240 1.494901 4.225264 -7.305790 1.771054 12.915591 -3.225834 0.855402
Car -1 -1 -10 193.000000 189.000000 414.000000 266.000000 1.435913 1.627232 3.992464 -6.515166 1.850678 16.165781 0.110939 0.727833
