Car -1 -1 -10 193.000000 185.000000 394.000000 315.000000 1.478393 1.594978 4.070672 -4.551069 1.775308 10.779585 1.563313 1.934296
Car -1 -1 -10 748.000000 163.000000 892.000000 263.000000 1.728015 1.766305 4.751899 4.163146 1.571341 15.052607 -1.545396 1.922787
Car -1 -1 -10 524.000000 173.000000 570.000000 204.000000 1.515809 1.592407 3.846914 -3.264966 1.583155 37.301613 1.655917 1.899811
Car -1 -1 -10 707.000000 171.000000 770.000000 215.000000 1.522177 1.567225 3.614357 4.743106 1.501853 26.986944 -1.533909 1.896140
Car -1 -1 -10 725.000000 177.000000 795.000000 230.000000 1.455758 1.564866 3.941654 4.378149 1.647589 21.327549 -1.490973 1.813956
Car -1 -1 -10 1.000000 204.000000 261.000000 374.000000 1.480279 1.620613 4.092025 -4.684862 1.798505 6.237432 1.564530 1.771188
Car -1 -1 -10 698.000000 171.000000 743.000000 207.000000 1.474063 1.539311 3.700894 4.893657 1.491068 32.164864 -1.505657 1.219042
Car -1 -1 -10 591.000000 170.000000 615.000000 187.000000 1.564393 1.659000 3.903594 -0.719229 1.305708 68.762611 1.257392 0.866548
Car -1 -1 -10 549.000000 173.000000 581.000000 199.000000 1.531508 1.568351 3.879496 -4.715231 1.764820 63.770187 0.903577 0.714779
Car -1 -1 -10 692.000000 170.000000 726.000000 199.000000 1.513855 1.560176 3.743551 5.181336 1.353203 37.752888 -1.477138 0.688146
