Car -1 -1 -10 366.000000 192.000000 447.000000 245.000000 1.474897 1.539969 3.530180 -6.309830 2.085284 22.376106 1.595366 1.955074
Car -1 -1 -10 661.000000 176.000000 725.000000 223.000000 1.616929 1.614131 4.017597 2.877543 1.745302 26.012857 -1.625780 1.953324
Car -1 -1 -10 416.000000 190.000000 483.000000 230.000000 1.415184 1.563845 3.894214 -6.172543 2.125320 27.889236 1.598528 1.952790
Car -1 -1 -10 1052.000000 135.000000 1166.000000 181.000000 1.834022 1.657715 4.400663 24.393238 0.114842 35.434731 1.506157 1.714823
Car -1 -1 -10 24.000000 203.000000 136.000000 244.000000 1.532601 1.576294 3.259060 -20.911213 2.825727 28.937654 -1.520430 1.655027
Car -1 -1 -10 462.000000 180.000000 508.000000 216.000000 1.568345 1.624546 4.228472 -6.293989 2.066173 36.201984 1.585141 1.641384
Car -1 -1 -10 0.000000 206.000000 85.000000 245.000000 1.447706 1.607420 3.842858 -23.852407 2.902817 29.991817 -1.732660 1.269912
Car -1 -1 -10 487.000000 182.000000 523.000000 210.000000 1.514617 1.585960 3.913278 -6.127433 2.157947 42.967762 1.638191 1.061055
Car -1 -1 -10 109.000000 203.000000 199.000000 240.000000 1.493336 1.595843 3.647054 -18.197735 2.694757 29.142113 -1.527187 0.519712
Car -1 -1 -10 628.000000 175.000000 647.000000 190.000000 1.436124 1.518761 4.303417 2.222438 1.367221 52.153011 2.105168 0.205055
