Car -1 -1 -10 169.000000 199.000000 364.000000 304.000000 1.464967 1.537223 3.753860 -5.818368 2.006364 12.730836 1.545135 1.958619
Car -1 -1 -10 381.000000 192.000000 464.000000 245.000000 1.400787 1.532883 3.666813 -5.871959 2.059553 23.084011 1.594486 1.935532
Car -1 -1 -10 325.000000 195.000000 425.000000 263.000000 1.441880 1.553151 3.820334 -5.853086 2.111546 18.197147 1.586155 1.926290
Car -1 -1 -10 428.000000 190.000000 493.000000 228.000000 1.428457 1.601823 4.023681 -5.953363 2.116120 28.999163 1.561735 1.883464
Car -1 -1 -10 475.000000 187.000000 521.000000 218.000000 1.514664 1.585733 3.962996 -5.647415 2.251224 36.630459 1.603892 1.817255
Car -1 -1 -10 812.000000 154.000000 944.000000 204.000000 1.516396 1.684518 4.302769 9.345557 1.007359 24.950174 3.167166 1.811766
Car -1 -1 -10 663.000000 177.000000 714.000000 212.000000 1.601169 1.636665 4.070591 3.381833 1.644932 30.976595 -1.579487 1.745645
Car -1 -1 -10 651.000000 178.000000 695.000000 206.000000 1.515758 1.575424 3.543350 3.181876 1.608065 36.266071 -1.548555 1.040804
Car -1 -1 -10 651.000000 178.000000 695.000000 206.000000 1.603084 1.622052 3.743992 3.923843 1.999810 46.003021 1.585039 0.928981
Car -1 -1 -10 1103.000000 142.000000 1216.000000 179.000000 1.503626 1.694224 4.301740 23.581139 0.248042 30.790508 -0.235801 0.810682
Car -1 -1 -10 755.000000 162.000000 862.000000 200.000000 1.517272 1.688532 4.418719 8.630250 1.202019 32.556915 0.046419 0.659058
Car -1 -1 -10 1116.000000 119.000000 1241.000000 364.000000 1.558993 1.614027 3.828969 5.118046 1.328599 3.571295 -0.035445 0.633987
