Car -1 -1 -10 404.000000 188.000000 504.000000 246.000000 1.422130 1.520538 3.610097 -4.157600 1.894272 19.916588 1.593486 1.939947
Car -1 -1 -10 639.000000 177.000000 682.000000 213.000000 1.523173 1.608011 3.800212 2.213924 1.672101 32.987083 -1.615411 1.933962
Car -1 -1 -10 266.000000 190.000000 461.000000 305.000000 1.438497 1.676756 4.402038 -3.769423 1.860140 12.031749 1.557631 1.924326
Car -1 -1 -10 762.000000 160.000000 899.000000 208.000000 1.570114 1.643741 4.395718 7.937966 1.271724 26.006363 3.086765 1.747192
Car -1 -1 -10 47.000000 204.000000 290.000000 317.000000 1.355754 1.653283 4.293639 -6.968033 2.001013 11.668170 1.574236 1.707596
Car -1 -1 -10 490.000000 182.000000 521.000000 205.000000 1.613066 1.649074 3.994431 -6.986815 2.190817 48.397202 1.692766 1.176974
Car -1 -1 -10 733.000000 165.000000 827.000000 202.000000 1.572140 1.623055 3.955315 6.864532 1.177134 28.907913 3.157530 0.910478
Car -1 -1 -10 452.000000 183.000000 493.000000 206.000000 1.623648 1.662805 3.746192 -11.242977 2.491430 58.813232 -1.748196 0.623407
Car -1 -1 -10 903.000000 155.000000 962.000000 178.000000 1.498471 1.538378 3.659020 20.399973 0.300335 45.950039 1.625692 0.592356
Car -1 -1 -10 937.000000 149.000000 1008.000000 178.000000 1.588781 1.685748 4.137892 21.226257 0.258434 42.442085 1.650644 0.522161
Car -1 -1 -10 394.000000 189.000000 461.000000 234.000000 1.562823 1.591998 3.701972 -7.078989 2.266599 27.369627 -1.922894 0.447617
Car -1 -1 -10 506.000000 182.000000 537.000000 200.000000 1.532064 1.634206 3.690269 -8.060887 2.412226 65.891785 -1.670417 0.212214
Car -1 -1 -10 672.000000 166.000000 727.000000 186.000000 1.548879 1.570762 3.581330 4.914073 0.944926 42.294464 -1.572563 0.186157
Car -1 -1 -10 836.000000 157.000000 890.000000 178.000000 1.524226 1.635162 3.320603 10.433373 0.562164 30.039841 -1.216688 0.152451
