Car -1 -1 -10 322.000000 180.000000 479.000000 281.000000 1.491992 1.590488 3.686972 -3.652937 1.425075 12.998868 -1.566642 1.960595
Car -1 -1 -10 78.000000 173.000000 286.000000 278.000000 1.565030 1.619517 3.705034 -7.862272 1.513664 13.599916 -1.555848 1.927943
Car -1 -1 -10 579.000000 177.000000 621.000000 214.000000 1.490701 1.619044 3.798459 -0.372483 1.213617 32.649784 -1.576355 1.900067
Car -1 -1 -10 482.000000 183.000000 543.000000 224.000000 1.442054 1.577354 3.795966 -3.399163 1.300335 25.369984 -1.560673 1.897687
Car -1 -1 -10 280.000000 183.000000 384.000000 240.000000 1.475921 1.581789 3.748362 -7.761580 1.423992 20.551460 -1.571894 1.611847
Car -1 -1 -10 1.000000 185.000000 143.000000 263.000000 1.538832 1.638410 3.584841 -12.231934 1.493037 15.165086 -1.602837 1.335646
Car -1 -1 -10 442.000000 179.000000 491.000000 207.000000 1.488135 1.579990 3.566725 -7.753300 1.133861 39.509754 -1.619712 1.168771
Car -1 -1 -10 190.000000 179.000000 294.000000 235.000000 1.500404 1.580635 3.809918 -11.486256 1.348456 22.420492 1.536804 0.670335
Car -1 -1 -10 251.000000 180.000000 342.000000 223.000000 1.624591 1.610107 3.746772 -12.598866 1.482877 28.867634 -1.878462 0.360998
Car -1 -1 -10 359.000000 182.000000 401.000000 201.000000 1.510881 1.582592 3.765237 -12.699059 1.124766 39.798347 -1.869591 0.325613
Car -1 -1 -10 396.000000 182.000000 444.000000 204.000000 1.425522 1.548430 3.953873 -7.641989 1.004813 28.212387 1.789161 0.301743
Car -1 -1 -10 1.000000 185.000000 38.000000 309.000000 1.452054 1.612935 3.674434 -9.389560 1.502561 8.796576 -3.145540 0.229976
