Car -1 -1 -10 694.000000 182.000000 840.000000 277.000000 1.498604 1.663868 4.144627 2.740837 1.569593 13.274540 -1.603656 1.951627
Car -1 -1 -10 671.000000 178.000000 734.000000 223.000000 1.435554 1.564407 3.727930 3.050515 1.653298 24.020388 -1.583401 1.883503
Car -1 -1 -10 242.000000 184.000000 464.000000 250.000000 1.477146 1.624493 4.404232 -5.875420 1.792448 17.062023 0.061627 1.871225
Car -1 -1 -10 646.000000 168.000000 683.000000 199.000000 1.680907 1.640728 4.189801 3.233162 1.616709 43.567966 -1.530571 1.752699
Car -1 -1 -10 0.000000 185.000000 328.000000 309.000000 1.498272 1.594445 4.123727 -6.736908 1.839285 11.474750 -0.031335 1.531069
Car -1 -1 -10 896.000000 207.000000 1241.000000 371.000000 1.537629 1.585758 3.647036 3.089223 1.716018 3.691631 -1.583428 1.481249
Car -1 -1 -10 0.000000 193.000000 200.000000 359.000000 1.514590 1.618212 3.898417 -6.042338 1.690870 5.949913 -3.201594 1.316615
Car -1 -1 -10 335.000000 169.000000 454.000000 225.000000 1.419437 1.581318 3.728656 -6.299493 1.396657 21.717943 1.863971 1.053826
Car -1 -1 -10 435.000000 176.000000 534.000000 213.000000 1.528733 1.614555 3.891224 -4.879121 1.558435 28.182676 -1.533228 0.949335
Car -1 -1 -10 472.000000 173.000000 541.000000 204.000000 1.452805 1.614904 4.194608 -4.774972 1.505759 33.866447 1.623434 0.590688
