Car -1 -1 -10 649.000000 180.000000 709.000000 226.000000 1.530711 1.619399 4.076555 2.419891 1.837842 26.104183 -1.630240 1.970959
Car -1 -1 -10 686.000000 186.000000 793.000000 258.000000 1.471907 1.520071 3.340419 2.814861 1.750422 16.373339 -1.662845 1.937745
Car -1 -1 -10 109.000000 191.000000 385.000000 282.000000 1.452978 1.621200 3.792639 -6.030474 1.714246 12.245069 -3.091021 1.849387
Car -1 -1 -10 379.000000 182.000000 510.000000 223.000000 1.510506 1.628497 3.960283 -6.710888 1.982604 30.009245 0.242416 1.700311
Car -1 -1 -10 259.000000 188.000000 444.000000 245.000000 1.399192 1.525009 3.926636 -6.764637 1.870453 19.316044 -3.127716 1.475863
Car -1 -1 -10 1.000000 196.000000 177.000000 360.000000 1.497758 1.636449 3.779627 -7.116323 1.715127 7.573675 -3.151513 1.362826
Car -1 -1 -10 334.000000 185.000000 468.000000 232.000000 1.580832 1.639949 4.020474 -6.943561 1.943410 24.155697 -3.179431 1.195978
Car -1 -1 -10 640.000000 180.000000 680.000000 209.000000 1.457209 1.586947 3.870627 2.546351 1.870748 37.207905 -1.588115 0.847290
Car -1 -1 -10 627.000000 174.000000 655.000000 197.000000 1.512809 1.597836 3.670211 2.299151 1.784708 56.123226 -1.538395 0.570978
Car -1 -1 -10 493.000000 181.000000 543.000000 204.000000 1.519011 1.574824 3.688035 -5.430983 1.776567 40.760593 -1.576836 0.226395
