Car -1 -1 -10 782.000000 203.000000 1097.000000 373.000000 1.475278 1.546358 3.379487 2.918730 1.696278 7.249639 -1.628641 1.912266
Car -1 -1 -10 723.000000 175.000000 869.000000 232.000000 1.739924 1.748039 4.441359 6.093741 1.937317 24.974274 3.149678 1.889252
Car -1 -1 -10 85.000000 178.000000 345.000000 288.000000 1.553396 1.652030 3.921239 -6.324356 1.666788 12.083798 -3.279659 1.847437
Car -1 -1 -10 395.000000 183.000000 499.000000 218.000000 1.572957 1.619217 4.002430 -6.735117 1.958991 30.723951 -2.993176 1.844193
Car -1 -1 -10 0.000000 171.000000 233.000000 374.000000 1.546457 1.650734 4.071980 -6.275741 1.683333 7.288350 -3.111384 1.485006
Car -1 -1 -10 794.000000 188.000000 1043.000000 280.000000 1.506161 1.640371 4.403247 6.381320 1.936567 14.655401 3.147645 1.477309
Car -1 -1 -10 788.000000 183.000000 956.000000 253.000000 1.590955 1.672421 3.937428 6.394392 1.854472 17.334974 -0.050647 1.355524
Car -1 -1 -10 435.000000 180.000000 521.000000 214.000000 1.701131 1.741054 4.096768 -6.510950 2.063896 35.724438 -3.267052 1.305715
Car -1 -1 -10 319.000000 183.000000 453.000000 236.000000 1.499789 1.612456 3.931292 -6.663065 1.745457 20.938887 -0.079873 0.990533
Car -1 -1 -10 0.000000 179.000000 82.000000 374.000000 1.529763 1.632029 4.197497 -5.937382 1.751600 4.740994 -0.047293 0.477776
