Car -1 -1 -10 454.000000 172.000000 544.000000 243.000000 1.611118 1.650482 4.073153 -2.886316 1.704438 19.656504 1.624698 1.974883
Car -1 -1 -10 703.000000 185.000000 847.000000 292.000000 1.492748 1.535375 3.389400 2.590870 1.698933 12.135114 -1.555791 1.912410
Car -1 -1 -10 764.000000 181.000000 997.000000 372.000000 1.519409 1.572049 3.327354 2.431251 1.702056 7.616881 -1.563854 1.891985
Car -1 -1 -10 103.000000 172.000000 364.000000 260.000000 1.449775 1.627134 3.954177 -6.676584 1.498506 13.291197 -3.075290 1.815255
Car -1 -1 -10 640.000000 176.000000 671.000000 202.000000 1.440263 1.662092 3.833380 2.709258 1.766819 44.297211 1.607457 1.799963
Car -1 -1 -10 520.000000 179.000000 567.000000 221.000000 1.451425 1.551822 3.707482 -2.632146 1.742745 27.340714 -1.498062 1.726391
Car -1 -1 -10 571.000000 169.000000 597.000000 191.000000 1.589353 1.633024 3.914676 -2.316603 1.483131 62.804382 1.564946 1.068483
Car -1 -1 -10 640.000000 171.000000 657.000000 187.000000 1.487743 1.631434 3.602447 3.313178 1.279844 62.437893 -1.511326 0.659549
Car -1 -1 -10 768.000000 187.000000 869.000000 239.000000 1.613737 1.603807 3.859170 6.632429 2.044614 23.119970 -0.751906 0.280225
Car -1 -1 -10 581.000000 172.000000 604.000000 189.000000 1.505862 1.603334 3.711918 -0.635606 1.018662 21.759035 -1.664379 0.245494
Car -1 -1 -10 760.000000 186.000000 948.000000 271.000000 1.482251 1.632491 4.191406 4.811312 1.660492 14.449133 2.332792 0.186261
