Car -1 -1 -10 587.000000 170.000000 637.000000 213.000000 1.649441 1.671808 4.009489 0.234682 1.644105 30.998625 1.691081 1.926553
Car -1 -1 -10 397.000000 180.000000 561.000000 296.000000 1.444443 1.590335 3.640565 -1.899016 1.567101 11.374795 -1.475430 1.917490
Car -1 -1 -10 746.000000 179.000000 818.000000 247.000000 1.587766 1.556594 3.196835 4.356129 1.803601 18.585182 -1.454217 1.911781
Car -1 -1 -10 9.000000 186.000000 409.000000 374.000000 1.512866 1.586611 3.806829 -2.729009 1.646811 4.547830 1.639359 1.858456
Car -1 -1 -10 619.000000 174.000000 652.000000 205.000000 1.481083 1.564068 3.783821 1.409741 1.641411 38.857391 -1.415689 1.760340
Car -1 -1 -10 735.000000 182.000000 783.000000 230.000000 1.475681 1.574507 3.595541 4.724588 1.797308 23.339251 -1.425233 1.689651
Car -1 -1 -10 861.000000 211.000000 1241.000000 374.000000 1.518970 1.574949 3.674957 2.567515 1.691781 3.757152 -1.519355 1.621474
Car -1 -1 -10 708.000000 174.000000 731.000000 195.000000 1.637569 1.653133 4.162524 8.335902 1.735139 55.437775 1.619289 1.452347
Car -1 -1 -10 438.000000 169.000000 547.000000 224.000000 1.513292 1.550905 3.438543 -4.109374 1.528953 25.012688 -3.100338 1.135018
Car -1 -1 -10 651.000000 168.000000 671.000000 186.000000 1.629697 1.561171 3.889167 4.814193 1.235907 68.216034 1.637261 0.825181
