Car -1 -1 -10 459.000000 187.000000 525.000000 235.000000 1.453879 1.667980 4.261614 -3.995007 2.052133 25.141304 1.569637 1.967707
Car -1 -1 -10 16.000000 192.000000 289.000000 330.000000 1.527446 1.575968 3.803876 -6.566215 1.933633 10.746803 1.528658 1.961321
Car -1 -1 -10 497.000000 185.000000 543.000000 217.000000 1.485707 1.577851 3.694117 -4.366735 2.228591 35.716492 1.580554 1.816977
Car -1 -1 -10 335.000000 195.000000 423.000000 246.000000 1.411976 1.544906 3.683863 -6.906254 2.096882 21.844521 1.556286 1.816083
Car -1 -1 -10 628.000000 180.000000 662.000000 205.000000 1.544071 1.611298 4.016405 2.100090 1.912495 43.459488 -1.482276 1.693495
Car -1 -1 -10 710.000000 167.000000 810.000000 203.000000 1.650683 1.661321 4.629156 7.516617 1.575973 36.366997 3.120137 1.637318
Car -1 -1 -10 447.000000 188.000000 496.000000 218.000000 1.560067 1.639348 3.916189 -6.996163 2.332590 36.545795 1.426357 1.446941
Car -1 -1 -10 1186.000000 156.000000 1241.000000 213.000000 1.634219 1.634648 4.283283 18.693123 1.168684 22.097757 1.862147 0.554961
Car -1 -1 -10 182.000000 186.000000 246.000000 219.000000 1.538052 1.700873 3.847568 -18.291574 2.154926 33.466423 -3.127563 0.473466
Car -1 -1 -10 792.000000 163.000000 842.000000 179.000000 1.600640 1.755072 4.362448 17.211267 0.655870 59.723114 -1.900982 0.096948
Car -1 -1 -10 529.000000 182.000000 550.000000 196.000000 1.464393 1.605780 3.846743 -3.822749 1.557039 38.193810 1.465379 0.070699
