Car -1 -1 -10 373.000000 182.000000 491.000000 267.000000 1.532558 1.579114 3.641288 -3.654043 1.508511 15.403127 -1.530548 1.967323
Car -1 -1 -10 697.000000 188.000000 798.000000 261.000000 1.459578 1.567209 3.512634 2.906853 1.496113 15.889039 -1.580343 1.963887
Car -1 -1 -10 449.000000 182.000000 522.000000 235.000000 1.549416 1.630214 4.044699 -3.998652 1.439259 23.412109 -1.609986 1.917932
Car -1 -1 -10 643.000000 181.000000 687.000000 214.000000 1.446403 1.634638 3.811604 2.774543 1.253155 35.079411 -1.569342 1.879450
Car -1 -1 -10 146.000000 185.000000 313.000000 263.000000 1.460175 1.589116 3.613882 -7.889758 1.534209 15.520221 -1.551131 1.857574
Car -1 -1 -10 586.000000 180.000000 612.000000 203.000000 1.504069 1.595491 3.836864 -0.625558 1.137217 51.164268 -1.575630 1.833919
Car -1 -1 -10 338.000000 184.000000 410.000000 227.000000 1.520668 1.644366 4.061351 -8.425381 1.494890 26.017857 -1.795809 1.810480
Car -1 -1 -10 0.000000 196.000000 308.000000 372.000000 1.511560 1.600149 3.808557 -3.569386 1.596250 4.604719 -1.589088 1.753621
Car -1 -1 -10 517.000000 184.000000 549.000000 205.000000 1.477739 1.589663 3.574967 -4.824212 1.375179 46.341877 -1.703789 1.328897
Car -1 -1 -10 487.000000 182.000000 532.000000 216.000000 1.481550 1.564754 3.449955 -4.648684 1.363556 34.186821 -1.574019 1.275564
Car -1 -1 -10 618.000000 181.000000 637.000000 196.000000 1.504962 1.596147 3.597457 1.836762 1.044483 69.128136 -1.544685 1.096169
Car -1 -1 -10 577.000000 182.000000 596.000000 199.000000 1.501006 1.582844 3.717114 -1.775611 1.207481 58.280209 -1.589592 0.568891
Car -1 -1 -10 534.000000 182.000000 558.000000 201.000000 1.476192 1.590813 3.795491 -4.806979 1.289557 55.947819 -1.651548 0.480290
