Car -1 -1 -10 710.000000 176.000000 847.000000 270.000000 1.535619 1.593776 3.727402 3.020834 1.682678 13.728001 -1.551397 1.972234
Car -1 -1 -10 396.000000 181.000000 489.000000 254.000000 1.661099 1.513403 3.657506 -4.446113 1.954981 19.681902 1.634148 1.956419
Car -1 -1 -10 455.000000 182.000000 521.000000 234.000000 1.648156 1.662583 4.296738 -4.237583 2.047106 25.265194 1.570507 1.948574
Car -1 -1 -10 306.000000 195.000000 447.000000 284.000000 1.441385 1.642670 4.119669 -4.433837 1.973825 14.313595 1.573856 1.942195
Car -1 -1 -10 678.000000 177.000000 749.000000 232.000000 1.514576 1.577082 3.875129 3.075608 1.689163 22.232998 -1.590846 1.923918
Car -1 -1 -10 758.000000 176.000000 1085.000000 367.000000 1.485963 1.626671 4.000896 2.783915 1.544318 7.534247 -1.533401 1.912029
Car -1 -1 -10 1.000000 206.000000 93.000000 332.000000 1.486889 1.565645 3.988914 -9.607686 1.997716 9.201155 -3.149194 0.681427
Car -1 -1 -10 524.000000 183.000000 552.000000 201.000000 1.546646 1.655382 3.893662 -5.941637 2.392961 60.186386 1.424098 0.567280
Car -1 -1 -10 627.000000 178.000000 652.000000 198.000000 1.402064 1.526002 3.746830 1.774397 1.508248 35.821163 1.722098 0.174814
Car -1 -1 -10 589.000000 179.000000 609.000000 196.000000 1.629697 1.561171 3.889167 -1.047493 2.229099 68.217072 1.551440 0.088202
