Car -1 -1 -10 662.000000 175.000000 736.000000 237.000000 1.716976 1.670579 4.149669 2.684623 1.815047 22.706314 -1.602603 1.973862
Car -1 -1 -10 875.000000 219.000000 1241.000000 374.000000 1.553884 1.581526 3.652427 2.842389 1.785758 3.847122 -1.572315 1.521946
Car -1 -1 -10 647.000000 181.000000 694.000000 220.000000 1.509568 1.579103 3.653941 2.607172 1.950571 33.733700 -1.585853 1.487694
Car -1 -1 -10 343.000000 182.000000 473.000000 238.000000 1.513275 1.607089 3.610066 -5.378379 1.779750 18.319334 -1.432653 1.393298
Car -1 -1 -10 206.000000 185.000000 428.000000 263.000000 1.549010 1.619659 4.007214 -5.876943 1.800365 14.697868 -3.065801 1.253756
Car -1 -1 -10 377.000000 174.000000 504.000000 225.000000 1.689459 1.664128 4.062224 -6.476046 1.942522 29.244108 -0.053755 1.253456
Car -1 -1 -10 634.000000 180.000000 663.000000 205.000000 1.543044 1.578798 3.726390 2.422170 2.031357 45.764866 -1.582438 0.994886
Car -1 -1 -10 625.000000 178.000000 654.000000 200.000000 1.545419 1.640689 3.853323 2.247225 2.117604 56.643475 -1.581148 0.866705
Car -1 -1 -10 467.000000 178.000000 542.000000 204.000000 1.499632 1.561250 3.708324 -5.437218 1.628540 37.458549 -1.595726 0.681666
Car -1 -1 -10 1.000000 199.000000 167.000000 322.000000 1.450657 1.623204 3.438112 -5.585018 1.605419 5.341005 -3.169006 0.363248
