Car -1 -1 -10 695.000000 179.000000 828.000000 270.000000 1.424427 1.611762 3.990741 2.623549 1.543414 13.538726 -1.564625 1.955146
Car -1 -1 -10 658.000000 171.000000 708.000000 214.000000 1.465416 1.564458 3.437456 2.785733 1.534500 28.439701 -1.573680 1.907634
Car -1 -1 -10 37.000000 193.000000 374.000000 305.000000 1.403902 1.584766 4.247760 -5.954628 1.735923 10.855533 -3.162117 1.817859
Car -1 -1 -10 180.000000 182.000000 407.000000 263.000000 1.436167 1.578535 4.216482 -6.772889 1.770225 15.827081 0.057680 1.736063
Car -1 -1 -10 658.000000 171.000000 708.000000 214.000000 1.722137 1.634560 3.854915 3.211001 1.633955 33.883259 -1.576377 1.634631
Car -1 -1 -10 379.000000 181.000000 495.000000 223.000000 1.547418 1.574968 3.845486 -5.860535 1.903037 25.100904 -3.054663 1.321773
Car -1 -1 -10 456.000000 176.000000 534.000000 205.000000 1.633136 1.671727 3.617068 -6.077071 1.783048 37.920265 -2.337384 1.075767
Car -1 -1 -10 413.000000 178.000000 520.000000 213.000000 1.511044 1.697313 4.175565 -6.492661 1.873838 31.913866 -3.143670 1.032397
Car -1 -1 -10 482.000000 175.000000 552.000000 200.000000 1.524793 1.569262 3.993590 -5.908457 1.749554 44.899014 -2.832396 0.569838
Car -1 -1 -10 292.000000 183.000000 466.000000 230.000000 1.621764 1.666563 4.253278 -6.719835 1.779082 21.631567 -3.034932 0.491550
Car -1 -1 -10 216.000000 180.000000 357.000000 225.000000 1.495656 1.639560 4.033268 -9.707610 1.538403 22.196075 0.023770 0.257244
