Car -1 -1 -10 650.000000 174.000000 724.000000 224.000000 1.523427 1.578010 3.746274 2.568147 1.664241 24.666656 -1.763896 1.880970
Car -1 -1 -10 583.000000 177.000000 626.000000 206.000000 1.460106 1.527870 3.457354 -0.339385 1.677776 39.111004 -1.742462 1.819754
Car -1 -1 -10 537.000000 174.000000 588.000000 195.000000 1.402945 1.600778 3.993238 -3.556869 1.588654 54.145363 -0.920201 1.703552
Car -1 -1 -10 826.000000 174.000000 1009.000000 248.000000 1.549090 1.615756 3.679692 7.241081 1.711452 16.713430 3.355327 1.414601
Car -1 -1 -10 949.000000 196.000000 1241.000000 374.000000 1.479963 1.614753 3.813866 3.079458 1.601365 3.005188 -1.567185 1.371179
Car -1 -1 -10 1041.000000 172.000000 1233.000000 253.000000 1.523763 1.592571 3.720911 11.651417 1.627095 15.919728 3.399745 1.209129
Car -1 -1 -10 2.000000 184.000000 159.000000 372.000000 1.512563 1.565904 3.505388 -3.563161 1.753085 2.792632 -1.598236 0.580141
Car -1 -1 -10 707.000000 171.000000 743.000000 188.000000 1.426446 1.482797 3.375314 9.209780 1.207164 57.091671 2.380612 0.452841
Car -1 -1 -10 617.000000 173.000000 673.000000 195.000000 1.459822 1.614584 3.675155 1.588240 1.535953 49.948231 -0.925376 0.451418
Car -1 -1 -10 657.000000 171.000000 712.000000 201.000000 1.609817 1.632445 3.906965 5.589221 1.662397 53.754883 -0.837297 0.261189
