Car -1 -1 -10 405.000000 184.000000 496.000000 239.000000 1.411704 1.570506 3.941740 -4.588154 1.747867 21.120564 1.586748 1.950176
Car -1 -1 -10 332.000000 186.000000 455.000000 265.000000 1.435768 1.563926 3.907167 -4.691341 1.758088 15.829267 1.602066 1.949359
Car -1 -1 -10 124.000000 191.000000 378.000000 332.000000 1.480859 1.598857 3.860629 -4.749195 1.794953 10.092456 1.576478 1.941693
Car -1 -1 -10 725.000000 180.000000 850.000000 255.000000 1.462363 1.606122 4.022860 3.785805 1.598197 15.950731 -1.547630 1.939913
Car -1 -1 -10 510.000000 178.000000 551.000000 209.000000 1.498733 1.552771 3.293181 -4.097861 1.770177 36.952908 1.581206 1.896827
Car -1 -1 -10 783.000000 183.000000 975.000000 299.000000 1.493744 1.557148 3.507282 3.709522 1.626203 10.742453 -1.563884 1.895393
Car -1 -1 -10 703.000000 177.000000 781.000000 232.000000 1.458707 1.565988 3.626999 3.770403 1.691889 21.012903 -1.550933 1.871903
Car -1 -1 -10 694.000000 176.000000 752.000000 220.000000 1.469777 1.565394 3.619587 4.119273 1.674151 26.623178 -1.516239 1.838912
Car -1 -1 -10 912.000000 194.000000 1240.000000 374.000000 1.531363 1.612681 3.849492 3.757750 1.708563 5.316302 -1.561394 1.705029
Car -1 -1 -10 529.000000 176.000000 564.000000 204.000000 1.509401 1.589901 3.910149 -3.637029 1.715476 41.863121 1.644138 1.692632
Car -1 -1 -10 688.000000 176.000000 728.000000 212.000000 1.462698 1.541806 3.764909 4.292552 1.686402 31.941063 -1.545092 1.070024
Car -1 -1 -10 572.000000 174.000000 615.000000 189.000000 1.629697 1.561171 3.889167 -1.567486 1.661561 68.217171 1.543821 0.450393
Car -1 -1 -10 914.000000 171.000000 985.000000 202.000000 1.445094 1.533622 3.222628 12.071133 1.156224 26.096945 2.601128 0.380056
