Car -1 -1 -10 601.000000 176.000000 679.000000 249.000000 1.559526 1.662490 3.594959 0.809621 1.326615 17.657284 -1.519047 1.948146
Car -1 -1 -10 136.000000 185.000000 399.000000 322.000000 1.485907 1.641376 4.024390 -4.477381 1.489521 9.970630 -1.576205 1.927863
Car -1 -1 -10 60.000000 182.000000 195.000000 247.000000 1.471786 1.565221 3.457257 -12.316145 1.476715 18.772558 -1.539926 1.838216
Car -1 -1 -10 650.000000 180.000000 689.000000 208.000000 1.431044 1.634772 3.763366 3.700705 1.188035 41.617767 -1.364140 1.419467
Car -1 -1 -10 0.000000 186.000000 71.000000 309.000000 1.441360 1.605143 3.910952 -8.012849 1.623148 7.887339 1.511316 0.900440
Car -1 -1 -10 717.000000 182.000000 748.000000 200.000000 1.561105 1.700774 4.115027 11.131442 1.323384 64.023506 1.893544 0.598679
Car -1 -1 -10 153.000000 172.000000 224.000000 199.000000 1.641064 1.648358 3.642968 -22.941994 0.814899 39.269203 0.946802 0.574379
Car -1 -1 -10 487.000000 175.000000 537.000000 202.000000 1.404109 1.640533 3.860979 -5.455394 0.846349 42.221790 -1.617618 0.486425
Car -1 -1 -10 240.000000 177.000000 326.000000 215.000000 1.575886 1.649308 4.041996 -11.932788 1.104820 26.454309 -1.505807 0.452996
Car -1 -1 -10 449.000000 167.000000 541.000000 207.000000 1.436845 1.583090 3.966086 -3.973567 0.720636 25.757706 -1.596103 0.292269
Car -1 -1 -10 617.000000 167.000000 654.000000 194.000000 1.893004 1.796165 4.275904 2.480506 0.407631 63.455517 -0.064010 0.148521
