Car -1 -1 -10 557.000000 178.000000 613.000000 231.000000 1.566975 1.635409 3.503889 -0.781684 1.412146 24.505541 -1.597515 1.947307
Car -1 -1 -10 454.000000 177.000000 528.000000 238.000000 1.480457 1.620218 3.493758 -3.439051 1.373802 21.283392 -1.617822 1.939279
Car -1 -1 -10 39.000000 168.000000 417.000000 373.000000 1.527965 1.605087 3.781220 -3.352331 1.506735 6.986629 -1.576517 1.930080
Car -1 -1 -10 393.000000 185.000000 451.000000 215.000000 1.459708 1.576700 3.652387 -8.384881 1.371825 32.573982 -1.529879 1.433202
Car -1 -1 -10 359.000000 181.000000 406.000000 208.000000 1.420472 1.608490 3.759047 -12.842951 1.252627 41.107124 -1.720284 1.118980
Car -1 -1 -10 527.000000 182.000000 555.000000 205.000000 1.498480 1.613568 3.938915 -4.441589 1.277274 47.535976 -1.621427 0.966228
Car -1 -1 -10 0.000000 191.000000 107.000000 323.000000 1.488159 1.630150 3.682749 -7.694365 1.656646 7.768039 1.568571 0.940884
Car -1 -1 -10 502.000000 183.000000 541.000000 215.000000 1.541750 1.603076 3.754374 -4.198873 1.372509 34.986412 -1.609889 0.868064
Car -1 -1 -10 253.000000 178.000000 369.000000 240.000000 1.496301 1.593770 3.677256 -7.946155 1.323752 19.667538 -1.490774 0.700624
Car -1 -1 -10 307.000000 180.000000 367.000000 216.000000 1.519231 1.533157 3.619085 -16.697714 1.380964 43.854904 1.716432 0.407051
