Car -1 -1 -10 539.000000 177.000000 620.000000 243.000000 1.593586 1.603776 4.027104 -0.915860 1.421911 20.001532 -1.752160 1.980105
Car -1 -1 -10 444.000000 180.000000 501.000000 232.000000 1.551165 1.640567 3.561113 -4.617389 1.426021 24.277060 -1.747759 1.958406
Car -1 -1 -10 79.000000 190.000000 284.000000 292.000000 1.458444 1.610792 3.880291 -7.076481 1.552665 12.349808 -1.705750 1.932228
Car -1 -1 -10 247.000000 184.000000 352.000000 241.000000 1.432422 1.640859 4.185256 -8.874393 1.408354 20.760948 -1.723476 1.904578
Car -1 -1 -10 348.000000 183.000000 398.000000 218.000000 1.443151 1.654169 4.137924 -10.585196 1.410888 32.639328 -1.705513 1.886749
Car -1 -1 -10 506.000000 182.000000 527.000000 200.000000 1.478130 1.612648 3.707480 -7.476044 1.249339 58.825539 -1.704610 1.655808
Car -1 -1 -10 0.000000 203.000000 73.000000 354.000000 1.448476 1.575890 3.823795 -6.479604 1.683190 5.680269 1.551763 0.606275
Car -1 -1 -10 380.000000 182.000000 414.000000 211.000000 1.452712 1.609863 3.730852 -12.095523 1.390182 41.460907 -1.822156 0.540598
Car -1 -1 -10 1.000000 169.000000 90.000000 282.000000 1.877543 1.689539 4.075210 -11.778004 1.698036 13.065947 1.523145 0.521644
Car -1 -1 -10 143.000000 189.000000 214.000000 216.000000 1.469440 1.621343 3.642827 -12.963517 1.294733 21.763006 -2.062866 0.444082
Car -1 -1 -10 305.000000 183.000000 343.000000 209.000000 1.496046 1.496209 3.696429 -23.577438 1.525212 59.982449 1.432050 0.258868
