Car -1 -1 -10 440.000000 177.000000 507.000000 225.000000 1.438011 1.582102 3.935634 -4.829589 1.749211 25.236963 1.551624 1.933488
Car -1 -1 -10 674.000000 176.000000 757.000000 240.000000 1.553771 1.617311 4.062745 2.678205 1.597078 18.684189 -1.603980 1.931823
Car -1 -1 -10 2.000000 190.000000 305.000000 373.000000 1.508479 1.605853 3.918742 -4.399397 1.798580 6.795053 1.545574 1.925088
Car -1 -1 -10 660.000000 176.000000 723.000000 224.000000 1.529005 1.564749 3.550934 2.710825 1.627238 24.915651 -1.604940 1.906443
Car -1 -1 -10 801.000000 192.000000 1142.000000 374.000000 1.450553 1.587203 3.490968 2.814803 1.559766 6.685415 -1.579834 1.890013
Car -1 -1 -10 739.000000 179.000000 915.000000 304.000000 1.527468 1.545038 3.491168 3.035793 1.691547 11.019479 -1.577258 1.833307
Car -1 -1 -10 649.000000 174.000000 689.000000 210.000000 1.501029 1.596729 3.760412 2.581635 1.581294 33.304676 1.513762 1.534916
Car -1 -1 -10 472.000000 173.000000 521.000000 215.000000 1.562525 1.559683 3.663748 -4.832212 1.639674 30.832075 1.553025 1.489802
Car -1 -1 -10 190.000000 174.000000 350.000000 232.000000 1.467534 1.618351 4.119378 -9.370245 1.650322 20.423367 -0.028071 1.307059
Car -1 -1 -10 497.000000 172.000000 536.000000 207.000000 1.592170 1.636978 4.302822 -4.539352 1.650121 36.363045 1.582966 1.189498
