Car -1 -1 -10 693.000000 184.000000 806.000000 264.000000 1.393440 1.582114 3.730472 2.785135 1.629894 14.905024 -1.562062 1.934169
Car -1 -1 -10 673.000000 179.000000 725.000000 223.000000 1.466323 1.552929 3.772701 2.935682 1.632802 23.996893 1.558280 1.884840
Car -1 -1 -10 0.000000 176.000000 319.000000 326.000000 1.609518 1.602111 4.074564 -5.823719 1.700171 8.810806 0.038871 1.834806
Car -1 -1 -10 551.000000 176.000000 587.000000 203.000000 1.476922 1.600848 3.695635 -2.220583 1.543448 39.058830 1.419976 1.811088
Car -1 -1 -10 647.000000 171.000000 681.000000 199.000000 1.512250 1.541624 3.404549 3.168789 1.498707 42.328365 -1.601074 1.747978
Car -1 -1 -10 348.000000 174.000000 498.000000 230.000000 1.469720 1.593602 3.859960 -5.991074 1.669648 24.124680 0.145152 1.648613
Car -1 -1 -10 348.000000 174.000000 498.000000 230.000000 1.430763 1.650610 4.096707 -5.765051 1.698883 21.561054 0.218018 1.615633
Car -1 -1 -10 267.000000 174.000000 445.000000 245.000000 1.566972 1.648836 4.239346 -5.934243 1.535323 16.330257 0.063010 1.572624
Car -1 -1 -10 414.000000 174.000000 513.000000 215.000000 1.573432 1.717245 3.940957 -5.912097 1.662440 30.475004 -3.252386 1.358035
Car -1 -1 -10 480.000000 174.000000 548.000000 200.000000 1.556104 1.673235 3.881438 -6.132909 1.726902 45.867348 -3.150769 1.276583
