Car -1 -1 -10 630.000000 178.000000 683.000000 221.000000 1.500344 1.587950 3.940420 1.745534 1.802275 28.037477 1.464493 1.966646
Car -1 -1 -10 868.000000 188.000000 1187.000000 313.000000 1.552407 1.583796 3.852846 5.615120 1.799696 9.735518 3.051411 1.886329
Car -1 -1 -10 782.000000 168.000000 1034.000000 279.000000 1.548046 1.661839 4.084455 5.242799 1.699049 12.703511 -0.108794 1.858986
Car -1 -1 -10 301.000000 179.000000 450.000000 231.000000 1.458419 1.662580 4.273283 -7.030893 1.727630 22.316854 -3.100913 1.826655
Car -1 -1 -10 0.000000 155.000000 298.000000 306.000000 1.741085 1.660150 3.544696 -5.966180 1.784994 9.291835 -1.550794 1.553747
Car -1 -1 -10 1014.000000 186.000000 1235.000000 359.000000 1.501149 1.622475 4.027651 6.670582 1.576016 7.218001 0.043957 1.353774
Car -1 -1 -10 367.000000 180.000000 474.000000 225.000000 1.510931 1.585989 3.885050 -6.602715 1.835704 24.879688 -3.242569 1.303735
Car -1 -1 -10 1147.000000 192.000000 1241.000000 374.000000 1.552069 1.628837 4.203844 6.217944 1.605945 5.499527 3.143233 0.989762
Car -1 -1 -10 614.000000 175.000000 649.000000 202.000000 1.569480 1.634855 3.602212 1.394780 1.728594 48.138287 -1.560499 0.932828
Car -1 -1 -10 460.000000 178.000000 510.000000 203.000000 1.501628 1.664865 3.925537 -6.467077 1.574626 36.856155 -1.641217 0.469793
Car -1 -1 -10 479.000000 177.000000 526.000000 196.000000 1.478385 1.565339 3.772118 -7.539719 1.667603 45.822636 1.965870 0.319158
