Car -1 -1 -10 351.000000 183.000000 488.000000 271.000000 1.468502 1.636658 3.899482 -3.614429 1.511778 14.632692 -1.531804 1.950579
Car -1 -1 -10 578.000000 178.000000 620.000000 216.000000 1.572783 1.617894 4.420635 -0.400603 1.303399 32.403408 -1.582244 1.940129
Car -1 -1 -10 148.000000 174.000000 320.000000 264.000000 1.600884 1.646034 3.948992 -7.786063 1.443993 15.623400 -1.555848 1.926470
Car -1 -1 -10 489.000000 183.000000 544.000000 223.000000 1.413958 1.593286 3.920456 -3.423355 1.262436 26.688026 1.599604 1.902450
Car -1 -1 -10 1.000000 186.000000 195.000000 258.000000 1.453661 1.562383 3.598048 -12.170932 1.521571 17.137074 -1.613091 1.721091
Car -1 -1 -10 445.000000 180.000000 495.000000 207.000000 1.513547 1.595328 4.092638 -7.981161 1.129926 41.275188 -1.692597 1.114236
Car -1 -1 -10 309.000000 183.000000 405.000000 233.000000 1.499665 1.549332 3.479772 -7.763052 1.428908 22.342163 1.638063 1.114006
Car -1 -1 -10 0.000000 190.000000 148.000000 313.000000 1.460796 1.621562 3.715595 -8.673131 1.642084 10.021011 -1.575186 0.692276
Car -1 -1 -10 214.000000 177.000000 308.000000 218.000000 1.410485 1.571062 3.853832 -11.660108 1.079744 24.536266 1.556077 0.484037
Car -1 -1 -10 402.000000 179.000000 436.000000 197.000000 1.520415 1.543414 3.798399 -16.477234 0.981515 62.154457 0.702952 0.345983
Car -1 -1 -10 278.000000 181.000000 358.000000 224.000000 1.519250 1.594525 3.729319 -12.532303 1.471596 30.955917 -1.890611 0.324205
Car -1 -1 -10 231.000000 179.000000 279.000000 214.000000 1.469237 1.529544 3.845789 -16.290272 1.175530 31.518547 0.542839 0.215470
