Car -1 -1 -10 671.000000 174.000000 764.000000 248.000000 1.650429 1.627032 3.891697 2.701460 1.741626 18.652840 -1.614993 1.980895
Car -1 -1 -10 652.000000 180.000000 713.000000 223.000000 1.521749 1.596241 3.685183 2.772852 1.839326 29.849934 -1.579747 1.742624
Car -1 -1 -10 169.000000 181.000000 396.000000 269.000000 1.479926 1.625669 3.901868 -6.298998 1.646253 13.692635 -3.130464 1.660057
Car -1 -1 -10 268.000000 183.000000 443.000000 249.000000 1.426398 1.516043 4.093735 -6.431833 1.820415 18.305071 -3.152996 1.490377
Car -1 -1 -10 635.000000 179.000000 670.000000 205.000000 1.477628 1.589210 3.876288 2.472252 1.842086 41.890007 -1.599795 1.468661
Car -1 -1 -10 333.000000 171.000000 466.000000 235.000000 1.560491 1.603355 3.794267 -6.599029 1.764025 23.166611 -3.090027 1.278967
Car -1 -1 -10 452.000000 176.000000 531.000000 205.000000 1.615594 1.626300 3.999060 -6.895947 1.903983 40.307724 -2.409061 0.676059
Car -1 -1 -10 625.000000 175.000000 655.000000 199.000000 1.471527 1.591299 3.684072 2.083014 1.738834 52.619892 -1.587295 0.645263
Car -1 -1 -10 424.000000 174.000000 513.000000 212.000000 1.578583 1.572307 3.522703 -5.660169 1.524814 28.206320 -1.449968 0.600338
Car -1 -1 -10 969.000000 215.000000 1229.000000 369.000000 1.562821 1.604032 3.881052 3.677914 1.833262 5.220336 -0.994377 0.598669
Car -1 -1 -10 375.000000 172.000000 503.000000 221.000000 1.691701 1.650299 3.894144 -6.120481 1.692461 25.388847 -0.048341 0.561536
Car -1 -1 -10 79.000000 188.000000 348.000000 296.000000 1.523190 1.616093 3.925361 -5.981129 1.664258 10.893467 -3.110502 0.545204
