Car -1 -1 -10 745.000000 190.000000 988.000000 348.000000 1.459589 1.579451 3.532259 2.812696 1.612921 8.707439 -1.568303 1.921396
Car -1 -1 -10 636.000000 178.000000 669.000000 205.000000 1.480455 1.610006 3.696925 2.418921 1.783473 42.216316 1.524383 1.842088
Car -1 -1 -10 801.000000 175.000000 1069.000000 271.000000 1.575162 1.662760 3.947836 6.304008 1.709026 13.778934 0.047809 1.734183
Car -1 -1 -10 266.000000 180.000000 435.000000 247.000000 1.566906 1.586064 3.817430 -6.584359 1.746940 18.452581 -3.154654 1.582766
Car -1 -1 -10 726.000000 180.000000 824.000000 226.000000 1.549746 1.617032 3.901236 5.887951 1.891364 26.901930 -0.019784 1.477585
Car -1 -1 -10 0.000000 180.000000 277.000000 327.000000 1.499517 1.500602 3.918843 -6.388240 1.640753 8.643418 0.096388 1.363974
Car -1 -1 -10 764.000000 180.000000 882.000000 238.000000 1.506202 1.643263 3.744900 5.956071 1.657219 19.916328 -0.658066 1.319912
Car -1 -1 -10 429.000000 178.000000 525.000000 211.000000 1.467797 1.611227 3.989035 -6.611379 1.835312 36.863544 -3.128136 1.309406
Car -1 -1 -10 324.000000 175.000000 458.000000 234.000000 1.595397 1.648973 3.795494 -6.749958 1.817638 22.968523 -3.279101 1.223752
Car -1 -1 -10 58.000000 182.000000 404.000000 263.000000 1.452935 1.568729 4.073346 -6.986220 1.690451 13.701848 -3.133021 1.138745
