Car -1 -1 -10 344.000000 179.000000 452.000000 246.000000 1.471046 1.622795 3.966568 -5.298314 1.361444 18.380589 -1.584346 1.945535
Car -1 -1 -10 163.000000 188.000000 397.000000 316.000000 1.472957 1.596798 3.734081 -4.448162 1.495490 10.396181 -1.589789 1.920675
Car -1 -1 -10 573.000000 174.000000 614.000000 210.000000 1.474938 1.628105 3.453468 -0.689225 1.047934 33.107136 -1.595186 1.857933
Car -1 -1 -10 185.000000 187.000000 287.000000 238.000000 1.491448 1.578926 3.642431 -8.888383 1.359069 17.907707 1.720169 1.322361
Car -1 -1 -10 349.000000 172.000000 409.000000 211.000000 1.487642 1.596244 3.589355 -8.748532 0.942758 27.903173 -1.735119 1.020388
Car -1 -1 -10 478.000000 174.000000 534.000000 212.000000 1.597998 1.619164 4.015924 -4.325922 1.090243 30.419867 -1.590964 0.883563
Car -1 -1 -10 534.000000 163.000000 559.000000 192.000000 1.910723 1.676185 4.011494 -5.824486 0.233153 68.651764 -1.639879 0.697101
Car -1 -1 -10 249.000000 182.000000 330.000000 222.000000 1.487034 1.639329 3.913154 -12.063861 1.310615 27.641562 -1.565754 0.689678
Car -1 -1 -10 1.000000 187.000000 111.000000 313.000000 1.389862 1.612735 3.900170 -8.432500 1.673200 9.112845 1.520454 0.605500
Car -1 -1 -10 502.000000 175.000000 544.000000 203.000000 1.522470 1.625378 3.840450 -5.289612 1.011848 45.587242 -1.648209 0.296194
