Car -1 -1 -10 719.000000 168.000000 806.000000 234.000000 1.770087 1.714576 4.636156 4.581343 1.709390 21.996040 -1.530969 1.970110
Car -1 -1 -10 383.000000 183.000000 490.000000 252.000000 1.460613 1.562299 3.902062 -4.259687 1.766780 17.837648 1.621366 1.941448
Car -1 -1 -10 5.000000 181.000000 355.000000 371.000000 1.634814 1.647600 4.129094 -4.650178 1.833736 8.266719 1.545823 1.912867
Car -1 -1 -10 299.000000 192.000000 435.000000 286.000000 1.408657 1.509117 3.642147 -4.421313 1.780989 13.414271 1.587176 1.900586
Car -1 -1 -10 552.000000 175.000000 591.000000 202.000000 1.511712 1.597778 3.894670 -2.353209 1.666477 44.668365 1.727494 1.803732
Car -1 -1 -10 704.000000 173.000000 754.000000 212.000000 1.533440 1.606354 3.777000 5.436398 1.666058 34.142151 -1.554439 1.354933
Car -1 -1 -10 704.000000 173.000000 754.000000 212.000000 1.528861 1.568669 3.790367 4.734008 1.533951 28.648952 -1.494137 1.241765
Car -1 -1 -10 0.000000 171.000000 117.000000 229.000000 1.474445 1.547918 3.520966 -16.775564 1.537616 21.867081 -0.108995 1.216008
Car -1 -1 -10 695.000000 173.000000 723.000000 199.000000 1.532179 1.565939 3.613271 6.046696 1.586553 44.322163 -1.470345 0.777194
Car -1 -1 -10 0.000000 209.000000 82.000000 372.000000 1.499632 1.633177 4.087553 -4.714710 1.624837 3.107325 1.565913 0.559913
Car -1 -1 -10 574.000000 175.000000 601.000000 197.000000 1.514335 1.641108 3.932425 -1.802610 1.770552 55.149155 1.395947 0.494073
Car -1 -1 -10 607.000000 173.000000 627.000000 189.000000 1.510249 1.528718 4.044154 1.042916 1.503086 69.109215 0.943942 0.239116
