Car -1 -1 -10 216.000000 163.000000 290.000000 202.000000 1.549155 1.607020 3.552904 -15.873772 1.117869 32.095116 -2.513701 1.909176
Car -1 -1 -10 564.000000 160.000000 620.000000 187.000000 1.553277 1.605050 3.657012 -1.108747 0.793976 45.024185 -2.309521 1.749874
Car -1 -1 -10 288.000000 164.000000 365.000000 199.000000 1.531990 1.792706 4.468703 -13.382530 1.178828 33.882034 -2.377141 1.599012
Car -1 -1 -10 158.000000 157.000000 219.000000 205.000000 1.757390 1.585314 3.773529 -17.279526 1.300390 29.650434 0.721848 1.244881
Car -1 -1 -10 499.000000 161.000000 572.000000 188.000000 1.475875 1.603928 4.092250 -4.383086 0.830544 42.078419 -2.336630 1.082023
Car -1 -1 -10 464.000000 161.000000 550.000000 186.000000 1.501949 1.622086 4.179674 -5.346686 0.778540 39.056091 0.751798 0.541060
Car -1 -1 -10 612.000000 166.000000 678.000000 187.000000 1.385405 1.598476 4.183910 2.164324 0.869610 45.150093 -0.844083 0.537306
Car -1 -1 -10 661.000000 167.000000 721.000000 188.000000 1.614537 1.682525 4.326527 5.636786 1.136881 51.881538 -0.643886 0.382616
Car -1 -1 -10 331.000000 166.000000 394.000000 189.000000 1.533897 1.597840 3.911056 -15.100094 1.038798 44.005638 0.702204 0.332643
Car -1 -1 -10 631.000000 166.000000 649.000000 187.000000 1.460802 1.592067 3.555017 1.034728 0.949947 47.070168 0.595116 0.223937
