Car -1 -1 -10 197.000000 196.000000 366.000000 288.000000 1.494818 1.540917 3.538604 -6.111089 1.946381 13.900605 1.595367 1.944521
Car -1 -1 -10 325.000000 192.000000 434.000000 254.000000 1.428124 1.625385 4.052994 -6.156973 1.980865 19.506029 1.596071 1.930640
Car -1 -1 -10 687.000000 178.000000 793.000000 249.000000 1.542339 1.626934 3.943040 3.023639 1.677283 17.514797 -1.623612 1.919225
Car -1 -1 -10 420.000000 177.000000 483.000000 226.000000 1.652636 1.656159 4.146117 -6.071559 1.949654 27.728745 1.553558 1.912144
Car -1 -1 -10 453.000000 179.000000 504.000000 216.000000 1.535975 1.604779 4.056552 -6.235884 1.987493 34.529045 1.587467 1.765491
Car -1 -1 -10 560.000000 178.000000 583.000000 196.000000 1.480696 1.631258 3.865165 -3.338603 1.978489 62.307980 -1.642222 1.268811
Car -1 -1 -10 633.000000 175.000000 655.000000 191.000000 1.552038 1.642828 3.810032 3.094963 1.738635 66.607170 -1.557478 0.987357
Car -1 -1 -10 488.000000 181.000000 526.000000 206.000000 1.447910 1.617490 4.088481 -6.354378 1.912619 45.518539 1.646327 0.902377
Car -1 -1 -10 772.000000 168.000000 844.000000 201.000000 1.823312 1.587454 3.638053 10.185094 1.516724 37.218983 -1.273980 0.701102
Car -1 -1 -10 527.000000 180.000000 550.000000 197.000000 1.544688 1.642529 3.907445 -5.935707 2.097071 59.842361 1.519446 0.498424
Car -1 -1 -10 676.000000 169.000000 748.000000 190.000000 1.550275 1.686572 4.582533 8.503254 1.284494 59.790585 3.116413 0.486665
Car -1 -1 -10 1186.000000 133.000000 1241.000000 192.000000 1.973068 1.751994 4.097979 24.996351 0.697494 27.862619 0.072001 0.344749
