Car -1 -1 -10 465.000000 170.000000 530.000000 217.000000 1.478035 1.625886 4.026429 -3.927923 1.454260 25.701981 1.568800 1.968556
Car -1 -1 -10 680.000000 175.000000 755.000000 236.000000 1.595704 1.565218 3.389928 2.881181 1.643796 20.248108 -1.606376 1.947077
Car -1 -1 -10 654.000000 172.000000 720.000000 222.000000 1.565835 1.588373 3.648670 2.512662 1.574310 24.789515 -1.609102 1.937251
Car -1 -1 -10 225.000000 170.000000 454.000000 325.000000 1.557197 1.565102 3.787653 -3.429295 1.632894 9.607959 1.544353 1.931540
Car -1 -1 -10 717.000000 181.000000 872.000000 280.000000 1.522174 1.564234 3.528965 3.148047 1.707724 13.505308 -1.612328 1.917120
Car -1 -1 -10 772.000000 187.000000 1068.000000 367.000000 1.488473 1.651498 3.959059 3.146297 1.745200 8.284201 -1.552385 1.869612
Car -1 -1 -10 636.000000 172.000000 686.000000 210.000000 1.484316 1.561941 4.007983 2.160076 1.467161 30.714010 -1.623216 1.762397
Car -1 -1 -10 1033.000000 221.000000 1241.000000 373.000000 1.502245 1.676931 3.969729 3.526205 1.825869 2.489859 1.610971 1.211486
Car -1 -1 -10 0.000000 128.000000 361.000000 374.000000 1.739744 1.669001 4.221151 -2.819146 1.554878 4.343842 1.519140 1.145464
Car -1 -1 -10 495.000000 170.000000 536.000000 207.000000 1.469105 1.578809 3.825567 -4.152185 1.407192 31.617416 1.556385 1.141207
