Car -1 -1 -10 307.000000 188.000000 432.000000 260.000000 1.508912 1.559369 3.770599 -5.722572 1.957576 17.366602 1.597269 1.948279
Car -1 -1 -10 382.000000 186.000000 467.000000 237.000000 1.421121 1.539652 3.712577 -5.681108 1.860659 22.887617 1.620344 1.939624
Car -1 -1 -10 426.000000 184.000000 492.000000 227.000000 1.485859 1.516577 3.528951 -5.706046 1.934783 27.695646 1.585552 1.895033
Car -1 -1 -10 464.000000 183.000000 513.000000 214.000000 1.449060 1.591202 3.958707 -5.621912 1.888962 33.763863 1.575903 1.590940
Car -1 -1 -10 788.000000 154.000000 898.000000 193.000000 1.517341 1.583017 3.856949 9.614051 0.745428 29.542385 2.464601 1.560656
Car -1 -1 -10 665.000000 173.000000 705.000000 202.000000 1.562585 1.628137 4.130814 3.604259 1.355024 35.617317 -1.590277 1.388823
Car -1 -1 -10 1066.000000 172.000000 1234.000000 370.000000 1.480872 1.594525 3.723064 3.437193 1.656682 1.576246 -1.537889 1.252149
Car -1 -1 -10 0.000000 206.000000 179.000000 373.000000 1.545877 1.617498 3.553476 -6.444178 1.999593 6.830423 -1.562132 1.252000
Car -1 -1 -10 1122.000000 132.000000 1240.000000 174.000000 1.590055 1.588078 3.726536 23.011333 0.036112 28.810095 0.078912 1.069165
Car -1 -1 -10 496.000000 179.000000 538.000000 207.000000 1.585252 1.641350 4.131664 -5.345041 1.970785 41.205215 1.613464 0.959160
Car -1 -1 -10 739.000000 157.000000 850.000000 192.000000 1.552096 1.619271 3.900486 9.123768 0.821939 34.519253 -0.225807 0.803860
Car -1 -1 -10 1029.000000 142.000000 1113.000000 172.000000 1.475981 1.562551 3.776013 22.453547 -0.127490 35.404373 1.626899 0.724453
