Car -1 -1 -10 661.000000 180.000000 758.000000 250.000000 1.438666 1.599646 3.968354 2.265850 1.585877 17.437168 -1.603437 1.943186
Car -1 -1 -10 638.000000 174.000000 680.000000 211.000000 1.458957 1.600610 3.612350 2.151336 1.620074 32.577831 -1.538574 1.897993
Car -1 -1 -10 183.000000 186.000000 410.000000 266.000000 1.459779 1.605030 4.094406 -6.227238 1.766083 14.490644 -3.086982 1.780617
Car -1 -1 -10 375.000000 181.000000 494.000000 220.000000 1.566657 1.663239 4.190104 -6.818205 1.892316 29.016459 0.136008 1.656874
Car -1 -1 -10 12.000000 192.000000 378.000000 289.000000 1.514265 1.662525 4.501799 -6.854560 1.765094 12.020350 -3.001239 1.579775
Car -1 -1 -10 274.000000 185.000000 430.000000 240.000000 1.493290 1.593648 3.964818 -7.231335 1.777041 19.696405 0.190005 0.976074
Car -1 -1 -10 429.000000 179.000000 504.000000 214.000000 1.614582 1.684455 4.055055 -7.433311 1.916398 35.926350 -2.929754 0.778845
Car -1 -1 -10 1176.000000 123.000000 1241.000000 368.000000 1.612454 1.680864 3.862234 5.996830 1.479952 4.752429 -0.014601 0.692918
Car -1 -1 -10 7.000000 203.000000 201.000000 347.000000 1.497668 1.592379 3.888077 -3.468750 1.624772 2.337270 1.582695 0.532875
Car -1 -1 -10 1.000000 199.000000 178.000000 274.000000 1.368942 1.573471 4.393081 -10.435580 1.932133 14.433554 1.381639 0.493115
