Car -1 -1 -10 418.000000 176.000000 500.000000 241.000000 1.682021 1.527056 3.694062 -4.417355 1.864322 21.560650 1.561010 1.971438
Car -1 -1 -10 700.000000 173.000000 821.000000 255.000000 1.496889 1.585300 3.675453 3.046231 1.571271 15.612226 -1.551595 1.966864
Car -1 -1 -10 347.000000 188.000000 463.000000 264.000000 1.422987 1.606684 3.934245 -4.458797 1.846790 16.165182 1.578427 1.960541
Car -1 -1 -10 737.000000 175.000000 959.000000 316.000000 1.483285 1.594310 3.830467 2.742443 1.502904 9.305566 -1.551765 1.944328
Car -1 -1 -10 466.000000 176.000000 527.000000 226.000000 1.670289 1.668420 4.322618 -4.131987 1.888309 27.238190 1.594081 1.907968
Car -1 -1 -10 675.000000 174.000000 738.000000 224.000000 1.532610 1.583920 3.905545 3.093525 1.570236 24.157082 -1.571780 1.906641
Car -1 -1 -10 0.000000 194.000000 178.000000 302.000000 1.424918 1.629583 4.050303 -9.550474 1.838165 11.259069 0.077676 1.435593
Car -1 -1 -10 665.000000 173.000000 715.000000 214.000000 1.476956 1.592915 3.977255 3.368705 1.561292 30.330620 -1.574746 0.870833
Car -1 -1 -10 1126.000000 212.000000 1240.000000 370.000000 1.517125 1.572157 3.424477 3.219537 1.756812 1.494126 -1.526835 0.532149
Car -1 -1 -10 524.000000 179.000000 555.000000 196.000000 1.531119 1.584583 3.755499 -6.730887 2.056522 66.676628 1.152774 0.503592
