Car -1 -1 -10 671.000000 170.000000 750.000000 238.000000 1.593124 1.553428 3.416188 2.682159 1.642512 19.620445 -1.616285 1.946749
Car -1 -1 -10 721.000000 184.000000 923.000000 315.000000 1.495069 1.591296 3.925544 2.866977 1.607503 10.446129 -1.565286 1.928464
Car -1 -1 -10 836.000000 164.000000 1236.000000 374.000000 1.580020 1.662913 3.976061 2.796379 1.616259 4.414913 -1.585798 1.790245
Car -1 -1 -10 649.000000 175.000000 689.000000 206.000000 1.375539 1.582801 3.544477 2.698440 1.463346 33.344227 -1.578313 1.738211
Car -1 -1 -10 399.000000 172.000000 516.000000 212.000000 1.534181 1.625352 4.329102 -6.188885 1.515869 30.682550 -3.162169 1.690634
Car -1 -1 -10 399.000000 172.000000 516.000000 212.000000 1.426527 1.616539 4.125472 -6.034899 1.599132 28.921227 0.191140 1.558125
Car -1 -1 -10 243.000000 175.000000 442.000000 257.000000 1.588406 1.693448 4.254517 -6.325921 1.744332 18.206203 0.127771 1.441739
Car -1 -1 -10 0.000000 189.000000 197.000000 358.000000 1.379660 1.556417 3.772217 -6.332067 1.581526 6.602218 -3.124701 1.232740
Car -1 -1 -10 625.000000 171.000000 645.000000 188.000000 1.543052 1.657658 3.887554 2.230520 1.417426 66.796211 1.525980 1.101928
Car -1 -1 -10 321.000000 173.000000 479.000000 223.000000 1.436587 1.545357 3.571980 -6.281462 1.413916 20.995380 0.171230 0.575551
