Car -1 -1 -10 610.000000 174.000000 822.000000 319.000000 1.506815 1.563794 3.757634 1.535153 1.641097 9.634190 2.111071 1.959374
Car -1 -1 -10 804.000000 180.000000 928.000000 262.000000 1.515535 1.550593 3.571447 5.582244 1.715477 15.451197 -0.985440 1.950364
Car -1 -1 -10 241.000000 170.000000 668.000000 372.000000 1.525171 1.570740 3.479095 -1.169114 1.650545 5.934987 -1.189143 1.920792
Car -1 -1 -10 959.000000 176.000000 1016.000000 218.000000 1.728714 1.694880 4.058265 16.703684 1.909665 31.855173 2.152657 1.913170
Car -1 -1 -10 1125.000000 193.000000 1215.000000 256.000000 1.513936 1.603024 3.625278 14.761681 2.115539 19.169758 -0.933815 1.759573
Car -1 -1 -10 992.000000 179.000000 1038.000000 213.000000 1.595176 1.566792 3.836658 21.480745 2.069075 38.239429 2.264631 1.628849
Car -1 -1 -10 1115.000000 186.000000 1146.000000 208.000000 1.537145 1.655813 3.907264 35.533745 2.437456 49.291218 2.202785 1.598186
Car -1 -1 -10 1143.000000 204.000000 1241.000000 374.000000 1.456636 1.615434 3.866762 6.413466 1.739752 5.794379 0.102302 0.904879
Car -1 -1 -10 820.000000 169.000000 911.000000 226.000000 1.453031 1.536070 3.556406 10.030649 1.633890 28.846701 -2.256389 0.849838
Car -1 -1 -10 1043.000000 175.000000 1074.000000 195.000000 1.471635 1.616586 3.954088 41.856686 1.899125 67.552658 2.510433 0.356244
