Car -1 -1 -10 305.000000 186.000000 446.000000 275.000000 1.454549 1.580033 3.685013 -4.390832 1.467427 14.117455 -1.564363 1.942001
Car -1 -1 -10 424.000000 182.000000 495.000000 229.000000 1.466624 1.603635 3.964442 -4.932990 1.362299 23.990114 -1.591791 1.938548
Car -1 -1 -10 575.000000 177.000000 610.000000 209.000000 1.561455 1.618454 3.853628 -0.864770 1.239926 37.970085 -1.604520 1.904883
Car -1 -1 -10 281.000000 176.000000 370.000000 236.000000 1.514382 1.618171 3.776357 -8.649312 1.388197 22.394646 -1.561630 1.900267
Car -1 -1 -10 479.000000 182.000000 523.000000 213.000000 1.414034 1.555030 3.429904 -4.929411 1.272737 33.221622 -1.598904 1.899172
Car -1 -1 -10 0.000000 198.000000 209.000000 296.000000 1.395942 1.531982 3.692336 -8.331487 1.624081 11.829581 -1.610372 1.849152
Car -1 -1 -10 56.000000 163.000000 219.000000 246.000000 1.875528 1.692355 4.091740 -12.282330 1.424229 19.388170 -1.600749 0.989047
Car -1 -1 -10 518.000000 167.000000 551.000000 201.000000 1.668459 1.647468 3.905823 -5.443751 0.701950 48.787605 -1.724689 0.490531
Car -1 -1 -10 888.000000 210.000000 1228.000000 370.000000 1.534918 1.620477 3.602045 2.985211 1.668510 5.795351 -1.457413 0.369919
Car -1 -1 -10 373.000000 183.000000 427.000000 207.000000 1.456078 1.587243 3.517608 -9.198112 1.180566 30.869589 -1.800193 0.351440
