Car -1 -1 -10 664.000000 176.000000 734.000000 226.000000 1.433355 1.652770 3.920052 2.693316 1.535581 22.351540 -1.557938 1.965610
Car -1 -1 -10 153.000000 175.000000 425.000000 262.000000 1.557818 1.699677 4.562950 -6.003489 1.566001 14.532905 0.055801 1.777014
Car -1 -1 -10 346.000000 172.000000 505.000000 221.000000 1.426690 1.641267 4.376965 -5.831063 1.499179 23.739801 -3.047729 1.494596
Car -1 -1 -10 729.000000 170.000000 823.000000 217.000000 1.584977 1.687950 3.818823 6.428591 1.524465 27.550951 0.044461 1.468709
Car -1 -1 -10 443.000000 169.000000 539.000000 202.000000 1.497848 1.681154 4.213764 -6.040444 1.400139 36.643040 -3.142278 1.423872
Car -1 -1 -10 0.000000 180.000000 289.000000 305.000000 1.507967 1.651294 4.147274 -5.193181 1.556955 7.687001 1.667319 1.419326
Car -1 -1 -10 628.000000 171.000000 648.000000 186.000000 1.505327 1.631607 3.720872 2.524256 1.313483 65.691223 -1.558820 1.196241
Car -1 -1 -10 751.000000 176.000000 886.000000 251.000000 1.560926 1.625237 3.646454 4.285935 1.681596 15.065910 -1.735143 0.885320
Car -1 -1 -10 665.000000 171.000000 696.000000 190.000000 1.568718 1.679885 3.820879 5.045224 1.337380 52.098030 -1.487490 0.809777
Car -1 -1 -10 785.000000 84.000000 1240.000000 368.000000 2.087785 1.812511 4.779048 3.019705 1.572318 5.569082 -1.568535 0.757065
Car -1 -1 -10 315.000000 170.000000 438.000000 227.000000 1.457539 1.536939 3.778857 -6.394112 1.462325 19.377705 0.248257 0.649688
Car -1 -1 -10 491.000000 168.000000 552.000000 193.000000 1.514663 1.623479 3.816073 -5.193922 1.144971 41.825470 1.563247 0.591753
Car -1 -1 -10 689.000000 169.000000 744.000000 207.000000 1.553122 1.613120 3.689600 5.878116 1.464872 40.769558 -1.485307 0.377697
Car -1 -1 -10 435.000000 176.000000 506.000000 207.000000 1.575920 1.557851 3.426356 -5.199942 1.506747 26.283735 -3.134778 0.368123
Car -1 -1 -10 777.000000 173.000000 835.000000 251.000000 1.608372 1.571310 4.045548 5.570936 1.768216 20.350863 1.784917 0.277965
