Car -1 -1 -10 660.000000 176.000000 722.000000 223.000000 1.413861 1.632115 3.820204 2.703462 1.590591 24.177849 -1.564064 1.957736
Car -1 -1 -10 229.000000 172.000000 448.000000 248.000000 1.520508 1.637688 4.340878 -5.950601 1.548159 16.317398 -0.059424 1.868610
Car -1 -1 -10 0.000000 172.000000 299.000000 313.000000 1.562670 1.614597 4.065323 -6.092461 1.609829 8.744328 0.033485 1.537075
Car -1 -1 -10 385.000000 172.000000 509.000000 216.000000 1.430602 1.618348 4.194415 -5.830404 1.491174 25.735220 -2.999524 1.470527
Car -1 -1 -10 730.000000 177.000000 853.000000 249.000000 1.569224 1.648232 3.724796 4.302836 1.725915 17.074654 -0.291651 1.303074
Car -1 -1 -10 627.000000 172.000000 646.000000 187.000000 1.490021 1.622550 3.688995 2.451817 1.386766 67.691887 -1.586383 1.265004
Car -1 -1 -10 458.000000 169.000000 545.000000 201.000000 1.474455 1.628197 3.929300 -6.060188 1.460922 38.683960 -3.077123 1.199550
Car -1 -1 -10 793.000000 131.000000 1241.000000 372.000000 2.033187 1.795688 4.789740 2.938180 1.704304 5.863442 -1.569539 0.803489
Car -1 -1 -10 91.000000 182.000000 357.000000 261.000000 1.450697 1.551488 3.784096 -6.031125 1.383373 10.974742 -3.051327 0.546701
Car -1 -1 -10 493.000000 169.000000 551.000000 192.000000 1.590293 1.670050 4.187046 -5.325417 1.189199 44.043068 1.611584 0.527339
Car -1 -1 -10 349.000000 170.000000 460.000000 225.000000 1.456127 1.577287 3.894938 -6.407186 1.463992 21.363836 0.251824 0.430404
Car -1 -1 -10 724.000000 173.000000 807.000000 220.000000 1.658371 1.654605 3.495433 6.464373 1.627816 29.459412 0.182113 0.415548
Car -1 -1 -10 662.000000 170.000000 700.000000 205.000000 1.589419 1.620716 3.426565 5.429551 1.777014 53.561886 -0.848454 0.415228
Car -1 -1 -10 443.000000 175.000000 511.000000 206.000000 1.565862 1.568884 3.555138 -5.283599 1.492127 28.280586 -3.201083 0.389038
