Car -1 -1 -10 698.000000 177.000000 775.000000 232.000000 1.486903 1.590761 3.944477 3.794124 1.676669 21.837687 -1.560707 1.957690
Car -1 -1 -10 726.000000 179.000000 841.000000 255.000000 1.514236 1.594547 3.650837 3.767162 1.676511 16.381954 -1.524355 1.940265
Car -1 -1 -10 450.000000 179.000000 512.000000 223.000000 1.378830 1.547392 3.558361 -4.731489 1.685633 26.725805 1.595567 1.918411
Car -1 -1 -10 145.000000 193.000000 383.000000 318.000000 1.412245 1.631580 4.190695 -5.006620 1.763491 10.732800 1.560327 1.909078
Car -1 -1 -10 484.000000 178.000000 534.000000 214.000000 1.459116 1.566225 3.785428 -4.440464 1.687482 31.314377 1.639764 1.901211
Car -1 -1 -10 760.000000 182.000000 968.000000 304.000000 1.520274 1.612480 3.822277 3.546653 1.651766 10.813546 -1.546144 1.892050
Car -1 -1 -10 847.000000 191.000000 1241.000000 374.000000 1.500240 1.616743 4.005548 3.508015 1.698184 5.759290 -1.599050 1.732685
Car -1 -1 -10 3.000000 196.000000 227.000000 374.000000 1.424841 1.615990 3.925156 -4.827383 1.834739 5.317342 1.556239 1.466467
Car -1 -1 -10 694.000000 177.000000 745.000000 219.000000 1.467951 1.599633 3.750758 4.125637 1.621686 27.411303 -1.550403 1.374208
Car -1 -1 -10 1085.000000 172.000000 1240.000000 250.000000 1.529782 1.547031 3.662120 13.546935 1.564110 17.737900 1.323197 0.861882
Car -1 -1 -10 612.000000 174.000000 648.000000 191.000000 1.562068 1.630244 3.554984 1.517441 1.516607 57.828667 -1.514140 0.729129
Car -1 -1 -10 999.000000 176.000000 1096.000000 216.000000 1.471015 1.581602 3.404327 11.911661 1.317848 20.783464 -0.521249 0.721079
