Car -1 -1 -10 163.000000 188.000000 429.000000 345.000000 1.476993 1.561245 3.634382 -3.555375 1.498926 8.735872 -1.572929 1.939077
Car -1 -1 -10 457.000000 185.000000 530.000000 238.000000 1.397402 1.579268 3.724239 -3.297251 1.395039 20.908392 -1.540254 1.931557
Car -1 -1 -10 582.000000 178.000000 622.000000 214.000000 1.542971 1.618592 4.161594 -0.327130 1.307254 34.439949 -1.578229 1.904479
Car -1 -1 -10 355.000000 184.000000 426.000000 228.000000 1.390066 1.580189 3.702714 -7.400677 1.425072 24.377995 -1.623726 1.819991
Car -1 -1 -10 127.000000 186.000000 309.000000 275.000000 1.470508 1.610640 3.836505 -7.731336 1.519077 14.579226 -1.572392 1.622392
Car -1 -1 -10 5.000000 183.000000 203.000000 254.000000 1.430014 1.560671 3.668522 -11.459190 1.523056 16.315996 -1.562564 1.510086
Car -1 -1 -10 418.000000 180.000000 470.000000 213.000000 1.483864 1.627633 3.758594 -7.710155 1.316021 34.279346 1.488094 1.443133
Car -1 -1 -10 505.000000 183.000000 536.000000 211.000000 1.441520 1.603099 3.805481 -5.170508 1.185186 35.511890 -2.553007 1.001450
Car -1 -1 -10 0.000000 197.000000 92.000000 323.000000 1.486014 1.593502 3.595697 -7.895061 1.641107 7.637584 1.576840 0.602494
Car -1 -1 -10 314.000000 183.000000 371.000000 215.000000 1.560033 1.659392 3.668971 -12.443214 1.437685 33.864071 -1.828071 0.590306
