Car -1 -1 -10 682.000000 176.000000 757.000000 229.000000 1.518772 1.652427 3.947935 3.287930 1.618085 22.721954 -1.563421 1.937857
Car -1 -1 -10 374.000000 190.000000 467.000000 242.000000 1.425656 1.632778 4.166747 -5.857679 1.997464 22.917128 1.617416 1.937135
Car -1 -1 -10 237.000000 196.000000 394.000000 280.000000 1.430230 1.643151 4.133643 -6.059746 1.981219 15.429125 1.552606 1.934662
Car -1 -1 -10 705.000000 176.000000 804.000000 245.000000 1.476992 1.614189 3.841567 3.239888 1.602058 17.086521 -1.592702 1.912560
Car -1 -1 -10 0.000000 205.000000 273.000000 362.000000 1.423552 1.580441 3.741733 -5.982801 2.051732 9.434110 1.569297 1.884607
Car -1 -1 -10 430.000000 187.000000 494.000000 228.000000 1.461524 1.548050 3.613940 -5.868970 2.065906 28.720884 1.583205 1.853827
Car -1 -1 -10 660.000000 178.000000 717.000000 213.000000 1.516004 1.615776 4.048780 3.434259 1.779236 32.597034 1.525451 1.844977
Car -1 -1 -10 844.000000 154.000000 1027.000000 218.000000 1.488077 1.612999 4.092033 8.355965 1.139368 19.148449 2.657337 1.749494
Car -1 -1 -10 917.000000 151.000000 1110.000000 222.000000 1.468358 1.578182 3.883667 8.802799 1.003882 16.335539 -0.101154 1.643925
Car -1 -1 -10 1011.000000 134.000000 1239.000000 238.000000 1.548162 1.574837 3.598948 9.474933 1.030499 13.503161 0.119440 1.558188
Car -1 -1 -10 481.000000 184.000000 525.000000 214.000000 1.480247 1.594320 3.966250 -5.635057 2.167617 38.019550 1.689053 1.357320
Car -1 -1 -10 642.000000 177.000000 681.000000 201.000000 1.513742 1.607703 3.859326 3.346232 1.776225 46.900154 -1.561710 0.888807
Car -1 -1 -10 586.000000 175.000000 617.000000 192.000000 1.629697 1.561171 3.889167 -0.811133 1.850740 68.217026 1.554904 0.877193
Car -1 -1 -10 652.000000 179.000000 694.000000 206.000000 1.574887 1.726187 4.399107 3.284365 1.810989 38.761566 1.582976 0.707238
Car -1 -1 -10 517.000000 180.000000 549.000000 202.000000 1.612375 1.627422 3.810959 -5.759008 2.166238 52.938713 1.830803 0.337411
