Car -1 -1 -10 664.000000 174.000000 756.000000 239.000000 1.395391 1.562218 3.693702 2.350058 1.449084 17.628126 -1.596573 1.947604
Car -1 -1 -10 639.000000 172.000000 692.000000 212.000000 1.503930 1.578120 3.738883 2.260671 1.526926 30.326767 -1.673896 1.931808
Car -1 -1 -10 515.000000 172.000000 557.000000 212.000000 1.558603 1.658930 3.991190 -3.133955 1.640809 31.468596 -1.629437 1.882795
Car -1 -1 -10 202.000000 179.000000 429.000000 311.000000 1.448260 1.650293 3.908538 -3.394900 1.536056 8.784332 -1.636533 1.858493
Car -1 -1 -10 0.000000 183.000000 410.000000 371.000000 1.503768 1.603646 4.098497 -2.748552 1.584262 4.367643 -1.551451 1.845003
Car -1 -1 -10 904.000000 198.000000 1241.000000 371.000000 1.543191 1.567598 3.524889 2.439618 1.791514 2.082636 -1.605899 1.079810
Car -1 -1 -10 540.000000 175.000000 567.000000 201.000000 1.506479 1.600204 3.602996 -3.567820 1.721510 45.313797 -1.670256 0.997325
Car -1 -1 -10 630.000000 173.000000 670.000000 206.000000 1.571729 1.639603 4.220327 1.982981 1.564982 36.929974 -1.605416 0.934729
Car -1 -1 -10 625.000000 169.000000 658.000000 198.000000 1.598384 1.642500 4.007501 2.005458 1.439006 47.030392 -1.538617 0.896813
Car -1 -1 -10 276.000000 178.000000 373.000000 234.000000 1.468467 1.518062 3.648173 -8.920088 1.599224 21.081594 1.759954 0.349170
Car -1 -1 -10 228.000000 167.000000 335.000000 308.000000 1.445823 1.519685 3.733758 -5.364849 1.612499 10.954452 0.993640 0.315674
