Car -1 -1 -10 422.000000 182.000000 508.000000 244.000000 1.561439 1.582434 3.807544 -4.241719 1.903615 21.531824 1.619627 1.972617
Car -1 -1 -10 471.000000 181.000000 536.000000 229.000000 1.617477 1.609527 3.906422 -3.891319 1.891532 26.659246 1.618986 1.932661
Car -1 -1 -10 771.000000 187.000000 958.000000 301.000000 1.510141 1.627132 4.081736 3.840968 1.696632 11.513606 -1.523285 1.923202
Car -1 -1 -10 695.000000 173.000000 730.000000 208.000000 1.603017 1.624929 3.739237 5.546463 1.849276 39.626259 -1.491153 1.886903
Car -1 -1 -10 509.000000 184.000000 550.000000 220.000000 1.513911 1.590673 3.983953 -3.559283 2.045568 31.995867 1.613024 1.816988
Car -1 -1 -10 527.000000 182.000000 567.000000 214.000000 1.527379 1.612956 4.090249 -3.149895 1.974904 36.183308 1.639131 1.790282
Car -1 -1 -10 884.000000 208.000000 1235.000000 374.000000 1.462470 1.611717 3.970413 3.558492 1.763235 5.721975 -1.544010 1.786975
Car -1 -1 -10 593.000000 178.000000 620.000000 197.000000 1.517728 1.608003 3.692556 -0.380118 1.997911 62.563931 1.592949 1.157514
Car -1 -1 -10 121.000000 190.000000 269.000000 227.000000 1.494444 1.585246 4.064628 -14.881003 2.014683 26.252357 -0.081545 0.725377
Car -1 -1 -10 1180.000000 207.000000 1239.000000 353.000000 1.513153 1.571154 4.085454 9.843545 2.170075 10.164272 1.666860 0.396635
Car -1 -1 -10 306.000000 178.000000 378.000000 201.000000 1.438150 1.635221 4.025905 -12.680020 1.359782 34.100418 -2.508169 0.329503
Car -1 -1 -10 1183.000000 203.000000 1241.000000 268.000000 1.524320 1.585492 3.860270 14.568139 2.315132 18.752878 1.719397 0.304553
Car -1 -1 -10 608.000000 179.000000 630.000000 195.000000 1.541050 1.588421 3.826894 0.851002 2.093806 68.611908 1.667940 0.141299
