Car -1 -1 -10 715.000000 185.000000 864.000000 292.000000 1.519037 1.574500 3.667494 2.997115 1.772766 12.643169 -1.563971 1.945186
Car -1 -1 -10 665.000000 182.000000 726.000000 229.000000 1.385267 1.539329 3.547572 2.882438 1.802624 24.699657 -1.608453 1.924709
Car -1 -1 -10 646.000000 178.000000 687.000000 213.000000 1.503099 1.596871 3.905910 2.778925 1.841345 35.625340 -1.555240 1.862253
Car -1 -1 -10 781.000000 205.000000 1108.000000 374.000000 1.474330 1.585014 3.639797 2.931351 1.773964 7.283463 -1.566001 1.838770
Car -1 -1 -10 352.000000 180.000000 478.000000 230.000000 1.439402 1.628872 4.000338 -6.341928 1.760760 23.173269 0.128391 1.751892
Car -1 -1 -10 158.000000 173.000000 417.000000 272.000000 1.490948 1.599591 4.169034 -5.401402 1.493095 11.315598 -1.423153 1.655062
Car -1 -1 -10 15.000000 160.000000 310.000000 319.000000 1.709064 1.656671 4.039666 -5.818467 1.660526 8.855675 0.401866 1.592996
Car -1 -1 -10 387.000000 177.000000 511.000000 220.000000 1.503987 1.626806 3.953865 -6.253660 1.777294 28.052448 -3.145617 1.282277
Car -1 -1 -10 936.000000 185.000000 1241.000000 374.000000 1.551623 1.628865 3.624245 2.663029 1.752855 2.107243 -1.554933 1.282042
Car -1 -1 -10 1.000000 178.000000 176.000000 366.000000 1.635046 1.664653 3.988033 -5.770257 1.704318 5.861663 1.541654 0.735794
