Car -1 -1 -10 304.000000 196.000000 418.000000 263.000000 1.491657 1.540866 3.520002 -6.096580 2.065799 18.142023 1.590534 1.955837
Car -1 -1 -10 672.000000 179.000000 751.000000 234.000000 1.587235 1.609723 3.790772 2.939488 1.758324 21.656641 -1.631636 1.954654
Car -1 -1 -10 385.000000 192.000000 461.000000 241.000000 1.399943 1.560110 3.914553 -6.156582 2.080243 23.746418 1.606843 1.936442
Car -1 -1 -10 444.000000 180.000000 496.000000 222.000000 1.695922 1.614815 4.085757 -6.190494 2.126111 31.969635 1.556556 1.924264
Car -1 -1 -10 1110.000000 135.000000 1241.000000 188.000000 1.853508 1.689446 4.597455 24.487633 0.547156 31.343973 1.512203 1.317196
Car -1 -1 -10 472.000000 182.000000 515.000000 215.000000 1.544404 1.636000 4.062397 -6.190104 2.075829 38.645947 1.600206 1.285649
Car -1 -1 -10 529.000000 182.000000 552.000000 199.000000 1.497700 1.593928 3.714857 -6.103044 2.319723 64.215721 1.625983 0.841936
Car -1 -1 -10 563.000000 179.000000 584.000000 195.000000 1.552839 1.630038 3.698820 -3.647580 2.080194 69.761887 1.461370 0.632860
Car -1 -1 -10 630.000000 177.000000 650.000000 193.000000 1.503598 1.588532 3.455406 2.674799 1.907023 70.184540 1.556024 0.464398
Car -1 -1 -10 497.000000 183.000000 530.000000 209.000000 1.451336 1.497436 3.372813 -6.279753 2.159861 45.900871 1.530703 0.459671
Car -1 -1 -10 728.000000 171.000000 773.000000 191.000000 1.640192 1.615822 3.818573 7.937326 1.299271 41.710556 1.647728 0.269173
Car -1 -1 -10 4.000000 201.000000 79.000000 249.000000 1.477909 1.605771 3.956640 -16.866539 2.572034 23.572023 0.225421 0.227837
