Car -1 -1 -10 163.000000 197.000000 361.000000 299.000000 1.444516 1.627337 4.032467 -6.004357 1.946589 12.987745 1.578484 1.929666
Car -1 -1 -10 730.000000 178.000000 925.000000 299.000000 1.502964 1.585541 3.658379 3.064585 1.595159 10.863120 -1.576178 1.927902
Car -1 -1 -10 357.000000 176.000000 454.000000 243.000000 1.648010 1.673679 4.167336 -5.950494 1.968362 21.277338 1.619340 1.918307
Car -1 -1 -10 422.000000 180.000000 485.000000 225.000000 1.514619 1.577917 3.906168 -6.149796 1.939060 28.094915 1.565590 1.857310
Car -1 -1 -10 551.000000 178.000000 579.000000 200.000000 1.594180 1.673544 4.014291 -3.214692 2.005356 50.834911 1.523820 1.825030
Car -1 -1 -10 0.000000 209.000000 193.000000 374.000000 1.518405 1.558173 3.782026 -6.165789 2.039472 7.313511 1.555385 1.694548
Car -1 -1 -10 519.000000 180.000000 545.000000 200.000000 1.502151 1.644129 3.939070 -5.744982 2.066347 53.577297 1.543988 1.459931
Car -1 -1 -10 638.000000 175.000000 661.000000 193.000000 1.534325 1.564160 3.256556 3.231685 1.710555 59.978413 -1.591243 1.148129
Car -1 -1 -10 466.000000 181.000000 517.000000 210.000000 1.443155 1.521825 3.577994 -6.510610 1.747746 34.891296 1.906476 0.825268
Car -1 -1 -10 690.000000 167.000000 761.000000 190.000000 1.684917 1.682427 4.397046 8.856754 1.233063 55.902447 0.008962 0.737192
Car -1 -1 -10 880.000000 163.000000 974.000000 192.000000 1.520660 1.626978 3.515390 13.093789 0.956867 29.721313 0.420003 0.379225
