Car -1 -1 -10 655.000000 178.000000 692.000000 205.000000 1.417803 1.645747 3.844427 3.278418 1.601098 37.936878 -1.557379 1.816908
Car -1 -1 -10 105.000000 186.000000 382.000000 279.000000 1.464892 1.624661 3.824713 -6.154501 1.690964 12.482390 -3.067397 1.768392
Car -1 -1 -10 322.000000 179.000000 505.000000 230.000000 1.448880 1.556720 4.201236 -5.884033 1.725403 22.738724 0.259001 1.685977
Car -1 -1 -10 806.000000 169.000000 1240.000000 373.000000 1.605519 1.634259 3.882425 2.625978 1.591542 4.135890 -1.605882 1.670865
Car -1 -1 -10 0.000000 197.000000 239.000000 346.000000 1.473462 1.694664 3.844429 -6.443363 1.684604 8.059117 -2.627632 1.414636
Car -1 -1 -10 402.000000 177.000000 515.000000 219.000000 1.521690 1.589701 4.000952 -5.912212 1.759086 27.953949 -3.144600 0.977325
Car -1 -1 -10 213.000000 184.000000 387.000000 249.000000 1.473394 1.543468 3.560103 -6.750617 1.679934 15.202092 -3.086078 0.944164
Car -1 -1 -10 438.000000 170.000000 535.000000 212.000000 1.690057 1.609855 4.154308 -5.541935 1.780860 32.429329 0.175952 0.714064
Car -1 -1 -10 502.000000 173.000000 568.000000 195.000000 1.636125 1.629438 3.499785 -5.481075 1.575163 52.579990 -1.684329 0.511886
Car -1 -1 -10 1.000000 196.000000 159.000000 296.000000 1.483069 1.590746 3.949289 -10.050503 1.954270 13.951072 1.371397 0.447673
Car -1 -1 -10 463.000000 173.000000 564.000000 205.000000 1.576774 1.745677 4.175075 -5.946135 1.748671 46.036449 -3.078518 0.426254
Car -1 -1 -10 224.000000 191.000000 305.000000 227.000000 1.530270 1.548576 3.601718 -18.039444 2.563208 36.871880 0.514490 0.233816
