Car -1 -1 -10 405.000000 184.000000 504.000000 256.000000 1.553453 1.572165 3.623384 -3.737105 1.564229 17.755537 -1.549548 1.974791
Car -1 -1 -10 698.000000 192.000000 799.000000 264.000000 1.427448 1.570720 3.533863 2.938365 1.573786 15.954293 -1.573769 1.947249
Car -1 -1 -10 646.000000 184.000000 692.000000 218.000000 1.473096 1.601254 4.122180 2.855268 1.491984 34.031796 -1.603733 1.946151
Car -1 -1 -10 31.000000 196.000000 393.000000 375.000000 1.478952 1.579027 3.497252 -3.634100 1.571555 7.324311 -1.582363 1.903215
Car -1 -1 -10 468.000000 185.000000 528.000000 232.000000 1.522841 1.637711 4.152217 -3.951825 1.493009 26.186249 -1.579225 1.872657
Car -1 -1 -10 362.000000 186.000000 428.000000 225.000000 1.445818 1.562660 3.431883 -8.215932 1.472958 27.946379 -1.703685 1.741993
Car -1 -1 -10 587.000000 183.000000 612.000000 204.000000 1.508291 1.590987 3.500562 -0.620343 1.415352 52.663303 -1.583413 1.736754
Car -1 -1 -10 229.000000 189.000000 348.000000 235.000000 1.435336 1.574360 3.620012 -7.891420 1.350161 17.903950 -1.567109 1.681938
Car -1 -1 -10 495.000000 186.000000 539.000000 217.000000 1.443901 1.653861 3.952456 -4.651613 1.494756 36.877251 -1.586118 1.100994
Car -1 -1 -10 620.000000 185.000000 639.000000 200.000000 1.476153 1.620085 3.763473 1.992395 1.426878 66.275650 -1.532771 1.089877
Car -1 -1 -10 520.000000 186.000000 553.000000 208.000000 1.467606 1.614166 3.800078 -4.821897 1.540348 48.822819 1.429002 0.965982
Car -1 -1 -10 448.000000 179.000000 483.000000 206.000000 1.532853 1.619497 3.422423 -9.075232 1.195457 45.708466 -1.765390 0.681878
Car -1 -1 -10 579.000000 185.000000 596.000000 200.000000 1.506957 1.624531 3.747456 -1.728740 1.380541 59.839443 -1.613140 0.206567
