Car -1 -1 -10 369.000000 188.000000 490.000000 265.000000 1.467242 1.659028 4.228500 -3.894892 1.926847 16.163511 1.561399 1.963418
Car -1 -1 -10 633.000000 177.000000 677.000000 208.000000 1.504739 1.632411 3.691528 2.077542 1.654064 36.287785 -1.594607 1.881281
Car -1 -1 -10 455.000000 186.000000 520.000000 232.000000 1.363043 1.511536 3.491461 -4.219008 1.874969 24.874760 1.598879 1.880310
Car -1 -1 -10 194.000000 201.000000 350.000000 282.000000 1.400726 1.615511 4.027665 -6.905871 2.009399 14.999361 1.540250 1.830101
Car -1 -1 -10 735.000000 162.000000 861.000000 204.000000 1.512319 1.548212 3.919450 7.617367 1.269656 29.452896 3.170866 1.693212
Car -1 -1 -10 864.000000 156.000000 925.000000 177.000000 1.519072 1.506753 3.460316 19.509060 0.214352 49.367702 1.329982 0.454794
Car -1 -1 -10 814.000000 157.000000 869.000000 182.000000 1.545575 1.689957 4.027245 20.796307 0.530440 63.868809 0.126082 0.449672
Car -1 -1 -10 493.000000 182.000000 521.000000 204.000000 1.602004 1.664813 4.011402 -7.429052 2.279409 52.316284 1.508068 0.336673
Car -1 -1 -10 416.000000 189.000000 471.000000 224.000000 1.472528 1.470739 3.690460 -6.243753 2.164002 29.574194 0.762649 0.247068
Car -1 -1 -10 2.000000 221.000000 95.000000 369.000000 1.376226 1.538926 4.043571 -10.799134 2.772349 12.043867 1.577964 0.232295
