Car -1 -1 -10 445.000000 172.000000 541.000000 247.000000 1.532782 1.644960 4.062064 -2.909104 1.659214 18.548967 1.616869 1.956108
Car -1 -1 -10 711.000000 187.000000 878.000000 301.000000 1.482629 1.565369 3.511376 2.593348 1.704096 11.179809 -1.554537 1.916082
Car -1 -1 -10 781.000000 185.000000 1086.000000 374.000000 1.598791 1.564694 3.012705 2.433367 1.677228 6.390466 -1.573342 1.885970
Car -1 -1 -10 65.000000 172.000000 345.000000 265.000000 1.479869 1.660222 3.957138 -6.639179 1.481440 12.266397 -3.160116 1.851816
Car -1 -1 -10 642.000000 176.000000 674.000000 203.000000 1.483448 1.661964 3.965981 2.817358 1.761907 43.291302 1.572373 1.800086
Car -1 -1 -10 516.000000 178.000000 568.000000 223.000000 1.430606 1.568104 3.759239 -2.584840 1.673742 26.424822 -1.521255 1.754122
Car -1 -1 -10 571.000000 170.000000 598.000000 191.000000 1.490208 1.607221 3.845440 -1.938377 1.358825 61.789459 1.697622 1.031508
Car -1 -1 -10 642.000000 172.000000 659.000000 190.000000 1.529917 1.594296 3.477497 3.380701 1.455285 61.256813 -1.521904 0.577410
Car -1 -1 -10 854.000000 189.000000 990.000000 282.000000 1.499066 1.604941 3.995794 5.327617 1.703966 12.996315 1.640275 0.238055
Car -1 -1 -10 587.000000 172.000000 606.000000 189.000000 1.457550 1.616960 3.792217 -1.435430 1.421202 70.273689 1.566023 0.237315
Car -1 -1 -10 590.000000 167.000000 613.000000 186.000000 1.582283 1.561415 4.129934 -0.829039 1.137399 67.742577 1.651922 0.109906
