Car -1 -1 -10 400.000000 188.000000 492.000000 259.000000 1.683750 1.644808 4.207279 -4.336863 2.151304 19.377470 1.574946 1.971229
Car -1 -1 -10 699.000000 186.000000 793.000000 259.000000 1.452489 1.597733 3.853849 2.944042 1.763331 16.511246 -1.591802 1.953210
Car -1 -1 -10 281.000000 187.000000 440.000000 294.000000 1.639290 1.588819 3.861487 -4.575544 2.059279 13.907369 1.600705 1.941561
Car -1 -1 -10 39.000000 204.000000 347.000000 374.000000 1.544093 1.575800 3.801177 -4.563731 1.984067 8.555246 1.554031 1.940594
Car -1 -1 -10 773.000000 182.000000 1067.000000 366.000000 1.533047 1.610846 3.764468 2.918877 1.610479 7.876760 -1.537706 1.923667
Car -1 -1 -10 673.000000 186.000000 759.000000 239.000000 1.487788 1.586536 3.696381 3.161996 1.939530 22.448313 -1.578380 1.895618
Car -1 -1 -10 1004.000000 181.000000 1241.000000 372.000000 1.528821 1.630536 3.836634 2.646438 1.645656 1.580601 -1.519846 1.069639
Car -1 -1 -10 510.000000 190.000000 544.000000 210.000000 1.555470 1.628728 3.823310 -6.172021 2.893468 54.295033 1.339182 1.018118
Car -1 -1 -10 584.000000 186.000000 606.000000 204.000000 1.473960 1.625438 3.666335 -1.487116 2.859289 70.378471 1.558684 0.660321
Car -1 -1 -10 628.000000 185.000000 653.000000 207.000000 1.474274 1.570497 3.688923 2.057956 2.403309 51.907764 -1.604398 0.426996
