Car -1 -1 -10 718.000000 173.000000 867.000000 274.000000 1.494704 1.582271 3.755453 2.949904 1.503757 12.511189 -1.579492 1.964437
Car -1 -1 -10 147.000000 167.000000 384.000000 332.000000 1.640099 1.569851 3.625113 -4.520253 1.734730 9.908921 1.526756 1.960930
Car -1 -1 -10 331.000000 175.000000 469.000000 264.000000 1.652378 1.629075 4.034426 -4.400882 1.706421 15.534660 1.596917 1.952623
Car -1 -1 -10 687.000000 173.000000 786.000000 238.000000 1.526181 1.619339 3.920914 3.155410 1.475339 18.611469 -1.584956 1.928826
Car -1 -1 -10 890.000000 174.000000 1229.000000 374.000000 1.584771 1.598099 3.766447 2.869193 1.654079 3.991979 -1.578477 1.681691
Car -1 -1 -10 0.000000 208.000000 208.000000 372.000000 1.534963 1.639365 3.865498 -4.553122 1.822811 4.894006 -1.619157 1.629786
Car -1 -1 -10 505.000000 176.000000 538.000000 198.000000 1.473697 1.582406 3.583362 -6.164661 1.691898 50.185322 -1.752362 1.325643
Car -1 -1 -10 628.000000 172.000000 658.000000 196.000000 1.460724 1.594805 3.669177 2.150870 1.468404 47.910618 -1.577767 0.896464
Car -1 -1 -10 646.000000 171.000000 682.000000 204.000000 1.502821 1.561796 3.702363 2.450036 1.374964 33.437222 1.547570 0.776846
Car -1 -1 -10 582.000000 172.000000 605.000000 191.000000 1.508684 1.636739 3.749296 -1.580887 1.602668 66.517014 -1.710157 0.527884
