Car -1 -1 -10 666.000000 180.000000 734.000000 231.000000 1.479520 1.605019 3.952627 2.810677 1.683391 22.795134 -1.590913 1.957173
Car -1 -1 -10 265.000000 196.000000 387.000000 270.000000 1.462094 1.560320 3.670651 -6.256414 2.003649 16.083498 1.558465 1.893797
Car -1 -1 -10 875.000000 164.000000 1118.000000 237.000000 1.392258 1.644269 4.429567 8.200467 1.313903 15.559706 3.103255 1.876113
Car -1 -1 -10 12.000000 206.000000 354.000000 374.000000 1.402247 1.616637 3.919558 -3.812750 1.826438 7.108186 1.584142 1.768565
Car -1 -1 -10 470.000000 184.000000 512.000000 213.000000 1.554500 1.615286 3.972096 -6.376884 2.059461 38.496696 1.728060 1.497425
Car -1 -1 -10 385.000000 184.000000 475.000000 236.000000 1.490456 1.674898 4.512193 -6.184336 2.029813 24.112404 1.586602 1.479990
Car -1 -1 -10 776.000000 163.000000 913.000000 211.000000 1.613028 1.662777 4.315091 7.962576 1.283455 24.841883 3.123894 1.459491
Car -1 -1 -10 842.000000 160.000000 1011.000000 229.000000 1.624128 1.641127 4.168399 7.944816 1.449519 18.712059 3.154022 1.261757
Car -1 -1 -10 1010.000000 151.000000 1112.000000 198.000000 1.491658 1.642635 3.939225 21.749369 0.763236 34.955025 -0.458054 0.973717
Car -1 -1 -10 1169.000000 134.000000 1239.000000 187.000000 1.746977 1.659316 3.938282 21.670185 0.421761 25.521921 -0.242784 0.523538
Car -1 -1 -10 704.000000 168.000000 764.000000 191.000000 1.633227 1.706451 3.997324 8.839799 1.394674 50.478741 3.168249 0.508183
Car -1 -1 -10 1040.000000 149.000000 1152.000000 189.000000 1.505593 1.649810 3.931227 21.796635 0.549590 32.076176 -0.404716 0.459134
Car -1 -1 -10 491.000000 184.000000 521.000000 209.000000 1.465849 1.604047 3.936053 -6.334590 2.116349 44.118282 1.544951 0.437262
Car -1 -1 -10 633.000000 178.000000 652.000000 195.000000 1.576855 1.596990 3.763878 3.096431 2.009471 68.964485 -1.487966 0.276890
