Car -1 -1 -10 0.000000 203.000000 290.000000 352.000000 1.447592 1.586855 3.837135 -6.079622 1.938011 9.742978 1.551262 1.948606
Car -1 -1 -10 296.000000 175.000000 424.000000 256.000000 1.546351 1.635294 4.105569 -6.083166 1.840295 17.888489 1.616770 1.927647
Car -1 -1 -10 382.000000 179.000000 465.000000 231.000000 1.588921 1.629477 3.987185 -6.273555 1.846655 24.626541 1.569363 1.915550
Car -1 -1 -10 773.000000 175.000000 1096.000000 367.000000 1.499844 1.633301 3.774900 2.928319 1.590418 7.653148 -1.589034 1.904870
Car -1 -1 -10 508.000000 180.000000 538.000000 201.000000 1.525108 1.538724 3.657748 -6.058239 1.983144 50.126129 1.591443 1.863513
Car -1 -1 -10 537.000000 178.000000 570.000000 202.000000 1.528288 1.680619 3.978911 -3.356213 1.831768 45.348564 1.549397 1.580782
Car -1 -1 -10 635.000000 175.000000 658.000000 193.000000 1.541027 1.583062 3.483982 2.910486 1.693956 56.757629 -1.515724 1.459199
Car -1 -1 -10 450.000000 182.000000 503.000000 212.000000 1.368103 1.611764 3.946369 -6.440836 1.866650 35.904091 1.673573 1.142402
Car -1 -1 -10 691.000000 167.000000 769.000000 192.000000 1.590155 1.707536 4.324640 8.392802 1.327682 49.920025 3.135286 0.981936
Car -1 -1 -10 557.000000 177.000000 580.000000 195.000000 1.578894 1.620675 3.756493 -3.351848 1.916214 59.720184 -1.614347 0.410263
Car -1 -1 -10 943.000000 159.000000 1085.000000 199.000000 1.527766 1.655196 3.832110 14.365038 0.987285 25.522671 3.600159 0.367189
