Car -1 -1 -10 556.000000 178.000000 645.000000 248.000000 1.477789 1.604732 3.777884 -0.309534 1.394098 18.655712 -1.742366 1.962394
Car -1 -1 -10 170.000000 186.000000 330.000000 274.000000 1.463538 1.578964 3.701453 -6.971701 1.527371 14.441020 -1.706362 1.930983
Car -1 -1 -10 458.000000 180.000000 512.000000 229.000000 1.527750 1.624401 3.572345 -4.369606 1.361184 25.439293 -1.727723 1.918733
Car -1 -1 -10 287.000000 182.000000 377.000000 234.000000 1.497955 1.660649 4.263956 -8.770989 1.412599 22.755613 1.414616 1.908119
Car -1 -1 -10 370.000000 183.000000 415.000000 215.000000 1.490283 1.605010 4.155504 -10.425891 1.366649 34.770779 -1.703206 1.885382
Car -1 -1 -10 514.000000 182.000000 536.000000 200.000000 1.467886 1.630888 3.757605 -6.768353 1.205211 58.362907 -1.722870 1.697526
Car -1 -1 -10 2.000000 201.000000 192.000000 362.000000 1.470070 1.567836 3.730261 -6.212843 1.687779 7.476288 1.497267 1.444503
Car -1 -1 -10 0.000000 162.000000 144.000000 268.000000 1.535234 1.618587 4.209918 -11.195235 1.201786 14.637808 -1.738159 1.269637
Car -1 -1 -10 254.000000 170.000000 320.000000 210.000000 1.510809 1.663775 4.033851 -14.604377 0.884981 32.767731 -1.789611 0.868547
Car -1 -1 -10 395.000000 182.000000 428.000000 209.000000 1.572550 1.628035 3.863703 -11.910755 1.405909 43.451576 -1.911218 0.476130
