Car -1 -1 -10 721.000000 183.000000 802.000000 242.000000 1.486111 1.574755 3.923877 4.048330 1.752939 19.912437 -1.519775 1.954397
Car -1 -1 -10 555.000000 174.000000 595.000000 205.000000 1.508395 1.595535 3.761740 -1.786426 1.617195 37.722523 1.646258 1.932158
Car -1 -1 -10 759.000000 183.000000 892.000000 278.000000 1.554338 1.591802 3.802145 4.009378 1.814216 13.918523 1.607800 1.922565
Car -1 -1 -10 439.000000 160.000000 557.000000 261.000000 1.797586 1.730357 4.274967 -2.383368 1.650827 16.094231 1.567639 1.918289
Car -1 -1 -10 877.000000 176.000000 1195.000000 374.000000 1.591496 1.628021 3.864286 3.683176 1.673166 7.416063 -1.517560 1.848099
Car -1 -1 -10 713.000000 179.000000 767.000000 233.000000 1.507026 1.558406 3.461866 4.354683 1.806080 25.260717 -1.559374 1.833858
Car -1 -1 -10 0.000000 199.000000 376.000000 374.000000 1.552108 1.566057 3.526145 -3.016674 1.838795 5.037618 1.572671 1.743626
Car -1 -1 -10 696.000000 177.000000 739.000000 216.000000 1.544810 1.568301 3.535183 4.669020 1.819235 31.766113 -1.491528 1.568322
Car -1 -1 -10 682.000000 177.000000 723.000000 210.000000 1.467000 1.591903 3.746894 4.599259 1.698991 36.362869 -1.532022 1.023669
Car -1 -1 -10 674.000000 175.000000 709.000000 203.000000 1.577740 1.646499 4.174815 4.605240 1.665421 42.219688 1.554253 0.623036
