Car -1 -1 -10 242.000000 176.000000 397.000000 270.000000 1.614311 1.663904 4.346222 -6.212722 1.877749 15.861366 1.586965 1.938789
Car -1 -1 -10 351.000000 179.000000 446.000000 238.000000 1.540889 1.630605 4.132954 -6.472167 1.901532 22.310863 1.582761 1.937173
Car -1 -1 -10 813.000000 175.000000 1241.000000 374.000000 1.523772 1.621707 3.799485 2.952825 1.649681 5.344533 -1.591193 1.880067
Car -1 -1 -10 527.000000 179.000000 565.000000 204.000000 1.446106 1.572256 3.942850 -3.673125 1.781630 41.684353 1.608311 1.855048
Car -1 -1 -10 499.000000 180.000000 529.000000 203.000000 1.537322 1.634621 4.135367 -6.372143 1.991157 47.850643 1.485218 1.829832
Car -1 -1 -10 1.000000 211.000000 217.000000 371.000000 1.458476 1.612516 3.886361 -6.058432 1.990072 7.578142 1.557436 1.771077
Car -1 -1 -10 442.000000 183.000000 493.000000 215.000000 1.370649 1.508012 3.694966 -6.407194 1.900016 33.000053 1.632899 1.527793
Car -1 -1 -10 633.000000 175.000000 658.000000 194.000000 1.531191 1.591224 3.515783 2.667386 1.653059 54.636795 -1.569247 1.505853
Car -1 -1 -10 693.000000 166.000000 770.000000 192.000000 1.782048 1.728352 4.462603 8.455699 1.328403 50.409927 3.123298 1.427498
Car -1 -1 -10 996.000000 153.000000 1200.000000 225.000000 1.705771 1.784334 4.403745 15.326087 1.253409 22.694773 0.534354 0.628447
Car -1 -1 -10 549.000000 177.000000 574.000000 197.000000 1.573761 1.622451 3.795131 -3.659916 1.914175 55.683933 -1.624918 0.614316
