Car -1 -1 -10 751.000000 175.000000 1227.000000 374.000000 1.608443 1.697294 4.031338 2.620287 1.659433 6.067514 -1.577956 1.900142
Car -1 -1 -10 647.000000 179.000000 683.000000 206.000000 1.466893 1.586583 3.920872 3.049660 1.769692 39.775425 -1.587781 1.794772
Car -1 -1 -10 351.000000 181.000000 508.000000 227.000000 1.432097 1.572483 4.020749 -5.966889 1.800278 24.262087 0.176124 1.733474
Car -1 -1 -10 172.000000 185.000000 396.000000 270.000000 1.495357 1.628227 3.783353 -6.161834 1.739923 14.386588 -3.085907 1.632511
Car -1 -1 -10 0.000000 193.000000 298.000000 328.000000 1.479681 1.576029 3.865099 -6.516718 1.761856 9.420424 -0.053801 1.575595
Car -1 -1 -10 510.000000 176.000000 566.000000 196.000000 1.487380 1.609107 3.582051 -4.760986 1.646985 48.913689 -1.576540 0.698476
Car -1 -1 -10 434.000000 176.000000 532.000000 213.000000 1.845658 1.757792 4.350981 -6.186692 1.862759 36.252815 -3.134011 0.664598
Car -1 -1 -10 248.000000 184.000000 409.000000 239.000000 1.498094 1.528161 3.640070 -6.831724 1.750612 17.168140 -3.095725 0.524661
Car -1 -1 -10 80.000000 223.000000 342.000000 374.000000 1.473301 1.588487 3.679786 -2.931712 1.725405 2.951673 -1.483084 0.413496
Car -1 -1 -10 268.000000 187.000000 357.000000 228.000000 1.499858 1.584410 3.526343 -9.996923 1.911678 24.021509 -1.965273 0.246543
