Car -1 -1 -10 383.000000 159.000000 526.000000 275.000000 1.753017 1.650810 4.167152 -2.733285 1.663607 13.516418 1.581345 1.977764
Car -1 -1 -10 708.000000 163.000000 843.000000 277.000000 1.764764 1.657113 3.992571 2.856544 1.691700 13.250095 -1.570887 1.976597
Car -1 -1 -10 499.000000 173.000000 564.000000 230.000000 1.537313 1.617449 4.115721 -2.265652 1.582299 22.289644 1.603956 1.945066
Car -1 -1 -10 0.000000 173.000000 335.000000 300.000000 1.405984 1.617984 3.847402 -5.822613 1.498397 9.413448 -3.254112 1.882842
Car -1 -1 -10 526.000000 164.000000 576.000000 215.000000 1.724810 1.632949 4.087338 -2.206373 1.514111 28.214025 1.639865 1.802920
Car -1 -1 -10 551.000000 165.000000 596.000000 206.000000 1.525092 1.616089 4.101270 -1.815424 1.383437 33.691036 -1.470935 1.775037
Car -1 -1 -10 604.000000 168.000000 652.000000 194.000000 1.486662 1.486214 3.427347 1.424488 1.265489 45.139004 -0.620135 1.307852
Car -1 -1 -10 674.000000 162.000000 696.000000 178.000000 1.522918 1.509059 4.025106 7.201614 0.390087 69.855209 1.646338 0.550542
Car -1 -1 -10 728.000000 166.000000 768.000000 191.000000 1.459047 1.572947 3.809432 5.987989 0.987425 32.146904 2.328113 0.229603
Car -1 -1 -10 748.000000 164.000000 800.000000 211.000000 1.709290 1.631559 4.168544 7.643919 1.582352 33.919163 -1.346087 0.197809
