Car -1 -1 -10 0.000000 177.000000 365.000000 296.000000 1.629701 1.701868 4.221702 -6.051224 1.671937 10.585212 0.024516 1.883301
Car -1 -1 -10 656.000000 179.000000 712.000000 222.000000 1.398759 1.613536 3.610462 2.654587 1.606198 25.960535 -1.534174 1.849149
Car -1 -1 -10 279.000000 179.000000 462.000000 243.000000 1.526480 1.640489 4.069297 -5.927155 1.673285 18.147469 -0.024237 1.815919
Car -1 -1 -10 393.000000 176.000000 517.000000 217.000000 1.466158 1.645807 4.306345 -5.897436 1.691115 27.618374 0.061072 1.385218
Car -1 -1 -10 0.000000 168.000000 192.000000 335.000000 1.552492 1.675585 3.799150 -7.535666 1.571131 7.159079 -3.190027 1.122962
Car -1 -1 -10 150.000000 184.000000 395.000000 259.000000 1.442838 1.521409 3.898252 -5.955986 1.568067 12.937990 -3.059781 1.001224
Car -1 -1 -10 626.000000 176.000000 644.000000 190.000000 1.505466 1.596789 3.540549 2.351938 1.694197 69.275917 -1.591022 0.943084
Car -1 -1 -10 467.000000 173.000000 544.000000 202.000000 1.502113 1.640666 4.350614 -6.236468 1.768613 44.844955 -2.860215 0.894806
Car -1 -1 -10 720.000000 176.000000 820.000000 238.000000 1.499094 1.610633 3.851256 4.390806 1.735628 19.942858 -0.649956 0.720366
Car -1 -1 -10 452.000000 178.000000 518.000000 206.000000 1.511339 1.558113 3.574754 -5.200374 1.586781 30.215185 -3.173173 0.462710
Car -1 -1 -10 712.000000 175.000000 779.000000 222.000000 1.510843 1.594186 3.411759 5.971527 1.724975 31.863701 -0.817136 0.396118
Car -1 -1 -10 354.000000 174.000000 470.000000 224.000000 1.483105 1.598677 3.708460 -7.041503 1.608382 25.433611 -3.311842 0.369841
Car -1 -1 -10 703.000000 176.000000 756.000000 210.000000 1.476723 1.581577 3.355841 5.949685 1.749574 36.149635 -1.404557 0.317385
