Car -1 -1 -10 702.000000 169.000000 842.000000 283.000000 1.568278 1.531386 3.301488 2.662749 1.584304 12.600290 -1.632635 1.949065
Car -1 -1 -10 660.000000 178.000000 714.000000 218.000000 1.404239 1.583620 3.563676 2.703179 1.620917 26.429131 -1.584281 1.911853
Car -1 -1 -10 864.000000 196.000000 1239.000000 374.000000 1.539911 1.594084 3.773727 2.677600 1.693432 3.820513 -1.583058 1.718612
Car -1 -1 -10 338.000000 174.000000 496.000000 226.000000 1.422024 1.589787 4.473444 -6.214610 1.584019 23.813757 -3.073386 1.658064
Car -1 -1 -10 37.000000 178.000000 388.000000 285.000000 1.526068 1.612239 4.502763 -6.236342 1.647999 11.397924 0.142159 1.608800
Car -1 -1 -10 338.000000 174.000000 496.000000 226.000000 1.393937 1.578910 3.921674 -6.136713 1.543877 21.887190 -2.996332 1.533429
Car -1 -1 -10 395.000000 172.000000 510.000000 212.000000 1.558618 1.613560 4.350375 -6.163706 1.545956 28.738735 0.108586 1.529689
Car -1 -1 -10 192.000000 171.000000 403.000000 255.000000 1.465036 1.536102 4.152090 -6.269436 1.511525 13.970619 0.068625 1.244233
Car -1 -1 -10 627.000000 172.000000 649.000000 191.000000 1.545550 1.647284 3.934916 2.270874 1.539480 60.035168 -1.557897 1.104147
Car -1 -1 -10 708.000000 171.000000 780.000000 218.000000 1.718195 1.724399 3.823615 5.961016 1.705484 31.616829 0.009690 0.937898
Car -1 -1 -10 440.000000 172.000000 524.000000 203.000000 1.490629 1.539190 3.533628 -6.050894 1.394554 34.139725 0.788825 0.586612
