Car -1 -1 -10 699.000000 175.000000 798.000000 244.000000 1.559248 1.597329 3.873265 3.270412 1.685060 17.974239 -1.554600 1.968268
Car -1 -1 -10 735.000000 175.000000 896.000000 278.000000 1.498042 1.587131 3.764442 3.253674 1.568180 12.514403 -1.551384 1.952857
Car -1 -1 -10 60.000000 201.000000 320.000000 324.000000 1.480462 1.620731 4.083680 -5.984124 1.883967 10.882483 1.558602 1.948228
Car -1 -1 -10 396.000000 188.000000 475.000000 236.000000 1.459016 1.519474 3.599520 -5.817826 2.001657 24.244265 1.557557 1.945732
Car -1 -1 -10 309.000000 191.000000 436.000000 259.000000 1.438182 1.632989 4.168607 -5.878170 1.991614 18.255421 1.604676 1.929027
Car -1 -1 -10 673.000000 178.000000 725.000000 219.000000 1.526782 1.604078 3.887089 3.314145 1.746840 27.951756 1.513767 1.922775
Car -1 -1 -10 460.000000 184.000000 517.000000 218.000000 1.444681 1.602318 4.147562 -5.603855 2.060398 33.341663 1.644952 1.828124
Car -1 -1 -10 658.000000 179.000000 704.000000 211.000000 1.513205 1.585421 3.970232 3.265186 1.782713 33.789585 -1.592339 1.650238
Car -1 -1 -10 1035.000000 142.000000 1241.000000 244.000000 1.490972 1.601982 3.622346 9.061127 1.004224 11.734844 -0.350346 1.552227
Car -1 -1 -10 909.000000 153.000000 1176.000000 241.000000 1.450390 1.647760 4.298442 8.347834 1.157002 14.348843 3.101548 1.353921
Car -1 -1 -10 648.000000 177.000000 681.000000 202.000000 1.505790 1.572431 3.849538 3.065640 1.651376 42.394054 -1.611291 1.224871
Car -1 -1 -10 574.000000 175.000000 609.000000 192.000000 1.500164 1.630053 3.706648 -1.881489 1.755199 70.283173 1.179091 0.697311
Car -1 -1 -10 0.000000 240.000000 51.000000 369.000000 1.461263 1.568243 3.662261 -6.156142 1.875002 5.143104 -1.752105 0.452329
