Car -1 -1 -10 669.000000 133.000000 801.000000 246.000000 2.542799 1.919190 5.228415 2.960389 1.834673 17.734018 -1.604559 1.850953
Car -1 -1 -10 137.000000 178.000000 401.000000 262.000000 1.477757 1.669659 4.136777 -6.490000 1.608159 14.140843 -3.087389 1.806043
Car -1 -1 -10 293.000000 171.000000 476.000000 238.000000 1.748829 1.712188 4.086409 -5.848186 1.656638 19.271221 -3.316818 1.604081
Car -1 -1 -10 937.000000 162.000000 1241.000000 340.000000 1.552432 1.610124 4.288175 6.499126 1.622783 8.021852 3.172299 1.387397
Car -1 -1 -10 461.000000 175.000000 526.000000 206.000000 1.498382 1.564346 3.545792 -6.195433 1.693122 37.493717 0.796487 1.104442
Car -1 -1 -10 416.000000 174.000000 497.000000 210.000000 1.547887 1.640972 4.064753 -7.405696 1.667227 34.819889 -2.868863 0.998497
Car -1 -1 -10 1.000000 188.000000 139.000000 354.000000 1.497207 1.653531 3.608385 -7.068485 1.637422 7.066117 -3.175862 0.890795
Car -1 -1 -10 663.000000 165.000000 742.000000 228.000000 1.553049 1.667085 3.818902 3.174651 1.673140 25.959921 -1.627531 0.725257
Car -1 -1 -10 630.000000 175.000000 667.000000 197.000000 1.485016 1.610098 3.878012 2.746108 1.704798 52.885117 -1.519516 0.632659
Car -1 -1 -10 646.000000 166.000000 713.000000 210.000000 1.712123 1.676610 3.954250 3.222715 1.608976 34.671898 -1.548647 0.388896
