Car -1 -1 -10 540.000000 188.000000 681.000000 270.000000 1.432391 1.563992 3.631994 -0.200662 1.673108 14.054760 -1.900549 1.932826
Car -1 -1 -10 7.000000 203.000000 182.000000 312.000000 1.440627 1.489435 3.288129 -8.495708 2.008348 12.062815 1.266034 1.888425
Car -1 -1 -10 255.000000 183.000000 300.000000 214.000000 1.561525 1.598768 3.640457 -18.727314 2.140723 40.353962 1.299618 1.880772
Car -1 -1 -10 442.000000 181.000000 496.000000 221.000000 1.427060 1.595798 3.507705 -5.744676 1.754296 28.318289 -1.861920 1.824017
Car -1 -1 -10 610.000000 165.000000 716.000000 206.000000 1.499335 1.649553 4.143895 2.334424 1.317255 30.266165 -2.735569 1.802366
Car -1 -1 -10 426.000000 180.000000 474.000000 212.000000 1.498092 1.604411 3.941200 -7.751317 1.817977 34.204403 -1.894024 1.789377
Car -1 -1 -10 412.000000 176.000000 435.000000 197.000000 1.484817 1.608037 3.538868 -15.774186 1.956411 60.798134 -1.836091 1.419653
Car -1 -1 -10 685.000000 129.000000 1241.000000 374.000000 1.890138 1.727172 4.153430 2.682102 1.584471 6.822370 -1.815247 1.328909
Car -1 -1 -10 271.000000 183.000000 309.000000 208.000000 1.525313 1.608916 3.920642 -20.164972 2.251855 45.634453 1.301290 0.843662
Car -1 -1 -10 26.000000 190.000000 116.000000 218.000000 1.428350 1.592082 3.772314 -24.013195 1.992244 32.052219 -2.840213 0.785937
Car -1 -1 -10 1.000000 205.000000 116.000000 368.000000 1.417276 1.559756 3.748814 -6.624846 1.863069 7.591348 1.380494 0.647255
Car -1 -1 -10 1102.000000 144.000000 1237.000000 241.000000 1.498708 1.558997 3.838768 10.034934 1.039779 13.522765 2.306207 0.401592
Car -1 -1 -10 1185.000000 148.000000 1239.000000 247.000000 1.420983 1.617310 4.080270 11.534029 1.107627 11.948682 1.661602 0.169871
