Car -1 -1 -10 702.000000 178.000000 842.000000 268.000000 1.509088 1.585164 3.843693 3.116523 1.621553 14.210306 -1.606266 1.944579
Car -1 -1 -10 54.000000 201.000000 304.000000 327.000000 1.436707 1.556107 3.673276 -6.070719 1.887238 10.789103 1.572658 1.942882
Car -1 -1 -10 271.000000 195.000000 407.000000 270.000000 1.448407 1.640081 4.101075 -6.057829 1.998526 16.382912 1.581812 1.938528
Car -1 -1 -10 392.000000 178.000000 470.000000 235.000000 1.669116 1.630525 4.190103 -6.070582 1.993857 24.534964 1.568916 1.925617
Car -1 -1 -10 441.000000 180.000000 497.000000 221.000000 1.536271 1.602729 3.992535 -6.029358 1.978765 31.162291 1.583939 1.865664
Car -1 -1 -10 557.000000 179.000000 583.000000 198.000000 1.527259 1.667941 3.865869 -3.193059 1.961417 56.428356 1.515006 1.718423
Car -1 -1 -10 525.000000 180.000000 549.000000 199.000000 1.544438 1.656329 3.969257 -5.808426 2.121332 56.784203 1.467001 1.540659
Car -1 -1 -10 637.000000 176.000000 659.000000 192.000000 1.596424 1.581277 3.644027 3.264521 1.753525 63.346695 -1.569078 1.184864
Car -1 -1 -10 483.000000 182.000000 523.000000 208.000000 1.371523 1.508309 3.840648 -6.130535 1.946626 41.996601 1.612576 0.839799
Car -1 -1 -10 683.000000 168.000000 755.000000 189.000000 1.497004 1.595576 3.690011 6.471007 1.018576 43.458286 -1.481717 0.528367
Car -1 -1 -10 827.000000 159.000000 905.000000 184.000000 1.519217 1.677764 3.691798 11.797613 0.699341 32.919994 0.202245 0.370927
