Car -1 -1 -10 284.000000 190.000000 432.000000 262.000000 1.464445 1.612195 4.112591 -5.717901 1.893475 16.705320 1.652102 1.946828
Car -1 -1 -10 701.000000 178.000000 808.000000 249.000000 1.474563 1.571738 3.722212 3.294012 1.673396 16.978706 -1.590661 1.934637
Car -1 -1 -10 750.000000 180.000000 932.000000 293.000000 1.495273 1.579366 3.659992 3.321064 1.652284 11.256485 1.546391 1.918499
Car -1 -1 -10 671.000000 177.000000 734.000000 221.000000 1.503448 1.625028 3.737105 3.164435 1.621224 25.543322 -1.600043 1.909740
Car -1 -1 -10 0.000000 205.000000 235.000000 372.000000 1.432845 1.583199 3.850847 -5.835588 1.938072 7.518962 1.552861 1.901360
Car -1 -1 -10 452.000000 177.000000 504.000000 215.000000 1.542366 1.554100 3.573846 -5.795167 1.777475 31.683935 1.606883 1.759481
Car -1 -1 -10 662.000000 176.000000 711.000000 212.000000 1.507807 1.541978 3.312919 3.226294 1.657462 31.007008 -1.633626 0.999954
Car -1 -1 -10 8.000000 192.000000 169.000000 258.000000 1.833396 1.689428 4.227972 -15.392068 2.349724 21.414902 -1.704350 0.727843
Car -1 -1 -10 473.000000 179.000000 516.000000 212.000000 1.524279 1.625591 4.089559 -5.890780 1.899868 37.176300 1.532196 0.448226
Car -1 -1 -10 1083.000000 221.000000 1241.000000 369.000000 1.502611 1.587432 3.703521 3.405157 1.755092 1.500536 -1.516369 0.365241
