Car -1 -1 -10 312.000000 182.000000 511.000000 308.000000 1.476635 1.661208 4.206388 -2.787714 1.643073 10.479175 -1.573950 1.907288
Car -1 -1 -10 661.000000 174.000000 721.000000 221.000000 1.412347 1.563652 3.604372 2.615992 1.479665 23.830744 -1.588587 1.898238
Car -1 -1 -10 739.000000 179.000000 997.000000 349.000000 1.507243 1.599144 3.802284 2.531636 1.588487 8.106030 -1.560516 1.866567
Car -1 -1 -10 0.000000 180.000000 424.000000 374.000000 1.487995 1.609628 3.822709 -2.729437 1.634084 5.100137 -1.636587 1.845416
Car -1 -1 -10 540.000000 173.000000 575.000000 205.000000 1.563052 1.625275 3.984885 -2.877681 1.580054 37.647572 -1.654594 1.792111
Car -1 -1 -10 641.000000 173.000000 686.000000 205.000000 1.488294 1.588577 4.047976 2.727715 1.503358 36.544033 -1.621866 1.769109
Car -1 -1 -10 855.000000 150.000000 1241.000000 374.000000 1.551090 1.553692 3.625777 2.267384 1.522197 2.647087 -1.599283 1.522775
Car -1 -1 -10 402.000000 181.000000 506.000000 229.000000 1.404201 1.606854 3.676468 -3.208795 1.326791 15.512187 -1.591779 0.956735
Car -1 -1 -10 634.000000 172.000000 666.000000 200.000000 1.674944 1.660568 4.083958 2.858794 1.744606 53.082657 -1.510715 0.643631
Car -1 -1 -10 558.000000 174.000000 582.000000 197.000000 1.538675 1.629430 3.846286 -2.856601 1.686595 51.636711 -1.577951 0.604424
Car -1 -1 -10 9.000000 188.000000 203.000000 345.000000 1.476154 1.561103 3.820034 -5.651110 1.589123 7.422174 1.535072 0.432852
Car -1 -1 -10 363.000000 170.000000 484.000000 252.000000 1.630551 1.558157 4.489997 -7.093441 2.009278 26.423523 1.872038 0.194837
