Car -1 -1 -10 387.000000 194.000000 462.000000 243.000000 1.485156 1.539596 3.618416 -6.293970 2.189688 24.500641 1.616361 1.956064
Car -1 -1 -10 433.000000 192.000000 490.000000 229.000000 1.430770 1.568323 3.909709 -6.225501 2.267422 30.005348 1.590106 1.928027
Car -1 -1 -10 660.000000 177.000000 716.000000 219.000000 1.533411 1.575375 3.560333 2.848185 1.774288 27.954622 -1.651042 1.924199
Car -1 -1 -10 1028.000000 136.000000 1137.000000 182.000000 1.959175 1.705351 4.430653 24.460772 0.185686 37.597527 1.498734 1.858309
Car -1 -1 -10 79.000000 205.000000 174.000000 243.000000 1.515298 1.637214 4.044874 -20.903217 3.015536 31.386782 -1.634857 1.802265
Car -1 -1 -10 27.000000 210.000000 119.000000 247.000000 1.501251 1.635827 3.990335 -23.677456 3.101994 32.053123 -1.709173 1.315415
Car -1 -1 -10 0.000000 211.000000 67.000000 250.000000 1.465845 1.628567 3.397028 -25.983908 3.305664 31.758863 -1.661020 0.951575
Car -1 -1 -10 473.000000 183.000000 515.000000 216.000000 1.598804 1.645329 4.094704 -6.219434 2.159022 38.392906 1.581194 0.909403
Car -1 -1 -10 142.000000 206.000000 233.000000 241.000000 1.466626 1.603178 3.821271 -18.183157 2.869809 31.310297 -1.415493 0.587940
Car -1 -1 -10 537.000000 182.000000 556.000000 199.000000 1.532260 1.614183 3.568640 -6.290246 2.505240 70.333023 1.512447 0.358950
Car -1 -1 -10 628.000000 177.000000 646.000000 193.000000 1.555247 1.633962 3.784706 2.132892 1.745830 55.980297 -1.515000 0.333165
Car -1 -1 -10 492.000000 185.000000 526.000000 211.000000 1.483191 1.590435 3.761144 -7.151364 2.459865 52.261883 1.440918 0.209553
