Car -1 -1 -10 392.000000 191.000000 469.000000 236.000000 1.434241 1.563957 3.896837 -6.149596 2.041467 24.750580 1.612123 1.956183
Car -1 -1 -10 669.000000 177.000000 743.000000 230.000000 1.565192 1.581816 3.665513 2.891782 1.699951 22.679306 -1.616359 1.948757
Car -1 -1 -10 321.000000 194.000000 425.000000 258.000000 1.488691 1.540541 3.511972 -6.105350 2.048199 19.173508 1.598301 1.948141
Car -1 -1 -10 448.000000 178.000000 499.000000 220.000000 1.629358 1.607782 3.946056 -6.277166 2.025631 32.902893 1.712166 1.690555
Car -1 -1 -10 475.000000 181.000000 518.000000 212.000000 1.580622 1.581459 3.921196 -6.233718 2.065012 39.860291 1.541314 1.356928
Car -1 -1 -10 1083.000000 134.000000 1223.000000 184.000000 1.950565 1.684935 4.527961 24.554840 0.349398 32.594425 1.521089 1.155322
Car -1 -1 -10 0.000000 202.000000 102.000000 248.000000 1.511379 1.576803 3.555634 -20.383423 2.671357 26.253996 -1.611071 0.801069
Car -1 -1 -10 715.000000 169.000000 764.000000 192.000000 1.721198 1.671485 4.089911 7.781068 1.321337 43.475266 -1.364664 0.448605
Car -1 -1 -10 501.000000 182.000000 532.000000 205.000000 1.433452 1.545901 3.601136 -6.714424 1.935623 46.671848 1.969816 0.435456
Car -1 -1 -10 530.000000 179.000000 553.000000 197.000000 1.549523 1.628356 3.905533 -6.177898 2.126131 65.233551 1.520211 0.344358
Car -1 -1 -10 629.000000 175.000000 649.000000 191.000000 1.400964 1.522880 3.806948 2.706138 1.509006 65.781120 0.910796 0.195405
Car -1 -1 -10 564.000000 177.000000 584.000000 193.000000 1.527904 1.532970 3.842129 -3.489467 1.823259 69.718781 1.468865 0.096676
