Car -1 -1 -10 282.000000 200.000000 407.000000 264.000000 1.454684 1.628274 3.991566 -6.727270 2.002192 17.437771 -2.307935 1.914824
Car -1 -1 -10 153.000000 193.000000 220.000000 232.000000 1.485630 1.582619 3.693831 -17.138252 2.286119 28.718231 -2.271511 1.824019
Car -1 -1 -10 417.000000 167.000000 676.000000 307.000000 1.832387 1.713786 4.604905 -1.321134 1.832952 11.682908 -2.260900 1.788827
Car -1 -1 -10 131.000000 190.000000 191.000000 226.000000 1.461545 1.600350 3.901559 -21.011297 2.337577 33.344276 -2.289366 1.744510
Car -1 -1 -10 344.000000 180.000000 441.000000 216.000000 1.507120 1.598718 3.982256 -10.055093 1.881826 33.379116 -3.178096 1.736734
Car -1 -1 -10 746.000000 180.000000 843.000000 236.000000 1.391159 1.663789 4.273274 4.804313 1.618365 19.256962 1.771763 1.662516
Car -1 -1 -10 666.000000 179.000000 734.000000 231.000000 1.475207 1.566344 4.222828 2.583889 1.698403 21.254385 1.739703 1.204396
Car -1 -1 -10 815.000000 173.000000 969.000000 229.000000 1.488261 1.703232 3.808715 7.178551 1.405680 17.906454 -0.625319 0.759355
Car -1 -1 -10 95.000000 186.000000 127.000000 209.000000 1.500878 1.635941 3.710835 -38.571728 2.633108 55.532135 -2.223478 0.632460
Car -1 -1 -10 289.000000 187.000000 373.000000 209.000000 1.630213 1.603291 4.022975 -14.637701 2.090155 37.938736 -3.321056 0.527594
Car -1 -1 -10 711.000000 178.000000 777.000000 221.000000 1.559755 1.598690 3.810769 5.865411 1.701322 30.548727 -2.440669 0.206789
