Car -1 -1 -10 916.000000 188.000000 1237.000000 316.000000 1.477103 1.619383 4.237982 6.315873 1.774440 9.712467 3.196481 1.753525
Car -1 -1 -10 372.000000 174.000000 482.000000 218.000000 1.453967 1.626692 4.034337 -6.461684 1.563011 25.896399 -2.968806 1.747789
Car -1 -1 -10 863.000000 178.000000 1126.000000 291.000000 1.650231 1.710932 4.170028 6.570249 1.712138 12.373500 0.098878 1.738230
Car -1 -1 -10 2.000000 172.000000 203.000000 359.000000 1.597705 1.662961 3.635573 -6.295180 1.533112 7.616839 -2.183113 1.665312
Car -1 -1 -10 756.000000 170.000000 946.000000 238.000000 1.763282 1.711194 4.447517 6.268746 1.806922 20.089458 3.099266 1.466260
Car -1 -1 -10 412.000000 171.000000 516.000000 212.000000 1.778557 1.699374 3.887899 -6.176717 1.608613 30.900843 -3.264522 1.427561
Car -1 -1 -10 218.000000 171.000000 413.000000 244.000000 1.597372 1.673862 4.239419 -6.598500 1.553170 16.251984 -0.016854 1.423800
Car -1 -1 -10 649.000000 163.000000 708.000000 210.000000 1.810397 1.705852 3.745811 2.725094 1.331503 28.525320 -1.581340 0.929701
Car -1 -1 -10 632.000000 172.000000 665.000000 197.000000 1.509954 1.600366 3.734046 2.333827 1.369739 45.861950 -1.465529 0.659781
Car -1 -1 -10 489.000000 171.000000 542.000000 196.000000 1.495807 1.613956 3.701435 -6.587597 1.492959 49.246582 0.963490 0.489605
