Car -1 -1 -10 428.000000 179.000000 501.000000 233.000000 1.468807 1.567760 3.498039 -4.413601 1.373410 22.341217 -1.573257 1.957827
Car -1 -1 -10 198.000000 183.000000 440.000000 321.000000 1.549040 1.663829 4.131417 -3.820648 1.497561 10.024660 -1.562065 1.936020
Car -1 -1 -10 679.000000 184.000000 760.000000 244.000000 1.426072 1.543744 3.398606 2.813843 1.385765 18.927027 -1.591491 1.919286
Car -1 -1 -10 626.000000 179.000000 659.000000 203.000000 1.449348 1.616082 3.775322 2.174191 1.093757 46.433094 -1.528339 1.872214
Car -1 -1 -10 583.000000 177.000000 615.000000 205.000000 1.507983 1.628657 3.680718 -0.571456 1.086243 42.282806 -1.588282 1.847456
Car -1 -1 -10 492.000000 181.000000 532.000000 210.000000 1.448987 1.595003 3.646106 -4.707792 1.220351 35.089478 -1.583110 1.834316
Car -1 -1 -10 45.000000 185.000000 271.000000 276.000000 1.499917 1.566284 3.483669 -8.044421 1.487743 13.288836 -1.590405 1.752277
Car -1 -1 -10 380.000000 170.000000 436.000000 221.000000 1.686227 1.617992 3.530344 -8.807069 1.301182 32.137001 -1.725501 1.250805
Car -1 -1 -10 519.000000 179.000000 549.000000 202.000000 1.435231 1.569257 3.468552 -4.793620 0.956369 45.716858 -1.652549 1.123512
Car -1 -1 -10 4.000000 208.000000 126.000000 375.000000 1.559397 1.598180 3.729273 -4.737257 1.729022 3.195068 0.016150 0.613764
Car -1 -1 -10 576.000000 180.000000 596.000000 200.000000 1.498117 1.577132 3.467158 -1.588873 1.105291 50.509552 -1.604106 0.399772
Car -1 -1 -10 429.000000 173.000000 472.000000 215.000000 1.682058 1.650767 4.010625 -9.157977 1.365996 42.020725 -1.761435 0.378960
Car -1 -1 -10 231.000000 186.000000 343.000000 222.000000 1.455012 1.602246 4.080205 -12.055880 1.234897 26.519417 1.702914 0.378900
