Car -1 -1 -10 654.000000 181.000000 756.000000 252.000000 1.506354 1.538167 3.160680 2.011886 1.677187 16.731133 -1.681006 1.942553
Car -1 -1 -10 759.000000 181.000000 1050.000000 369.000000 1.538578 1.609585 3.849415 2.868916 1.661898 7.810261 1.599854 1.911428
Car -1 -1 -10 559.000000 180.000000 602.000000 215.000000 1.481063 1.567243 3.495214 -1.591733 1.896620 35.607796 -1.744904 1.878433
Car -1 -1 -10 344.000000 191.000000 421.000000 249.000000 1.389897 1.565854 3.484899 -6.067689 1.927717 19.342640 -1.745719 1.804859
Car -1 -1 -10 372.000000 186.000000 429.000000 239.000000 1.449653 1.533231 3.672545 -6.967729 1.971428 24.419386 1.421339 1.200936
Car -1 -1 -10 609.000000 184.000000 689.000000 229.000000 1.493671 1.614094 3.767212 1.045312 1.774146 23.767166 -1.723038 1.048023
Car -1 -1 -10 915.000000 171.000000 1240.000000 374.000000 1.489034 1.636287 4.094421 2.708495 1.619183 2.718229 -1.530695 0.925995
Car -1 -1 -10 536.000000 182.000000 569.000000 206.000000 1.443016 1.577671 3.392623 -3.700967 2.046965 45.704823 -1.695030 0.828607
Car -1 -1 -10 423.000000 181.000000 458.000000 207.000000 1.580836 1.614567 3.743197 -9.524829 1.997318 40.291634 1.369116 0.336724
Car -1 -1 -10 425.000000 180.000000 460.000000 234.000000 1.643306 1.581968 3.807478 -4.882293 1.833096 22.136776 -1.791249 0.319225
