Car -1 -1 -10 450.000000 197.000000 538.000000 270.000000 1.600050 1.617119 3.951734 -3.398134 2.355842 19.177893 -1.921262 1.959596
Car -1 -1 -10 108.000000 218.000000 238.000000 308.000000 1.512898 1.478370 3.398267 -8.565252 2.436050 14.162686 1.262890 1.946765
Car -1 -1 -10 558.000000 215.000000 805.000000 356.000000 1.456829 1.605548 4.068478 0.594019 1.984862 9.605919 -1.871327 1.877231
Car -1 -1 -10 500.000000 208.000000 638.000000 298.000000 1.499892 1.569867 3.648229 -0.951576 2.166736 13.912802 1.207713 1.874238
Car -1 -1 -10 206.000000 198.000000 289.000000 258.000000 1.720147 1.689888 4.242664 -12.597742 2.780996 24.982132 -1.962494 1.873358
Car -1 -1 -10 404.000000 203.000000 454.000000 243.000000 1.467239 1.593334 3.806380 -7.915370 2.859322 30.746475 -1.929511 1.760463
Car -1 -1 -10 0.000000 222.000000 184.000000 374.000000 1.529392 1.501468 3.607763 -6.054331 2.115908 8.194694 1.249598 1.625860
Car -1 -1 -10 670.000000 216.000000 1224.000000 374.000000 1.620207 1.621001 3.779399 2.090774 1.915831 5.341568 -1.803217 1.512264
Car -1 -1 -10 273.000000 204.000000 311.000000 229.000000 1.568604 1.555987 3.868364 -19.999910 3.621369 45.393375 1.318405 1.474827
Car -1 -1 -10 424.000000 201.000000 487.000000 255.000000 1.490459 1.537394 3.659475 -5.216341 2.593724 25.140913 0.800964 1.163318
Car -1 -1 -10 396.000000 203.000000 430.000000 234.000000 1.515599 1.551809 3.495532 -9.763870 2.905229 35.972313 -1.933315 0.806000
