Car -1 -1 -10 680.000000 176.000000 781.000000 261.000000 1.653974 1.627849 4.021413 2.683881 1.763587 16.566881 -1.564428 1.977714
Car -1 -1 -10 794.000000 205.000000 1238.000000 374.000000 1.481305 1.626218 3.841416 2.858258 1.744490 5.824417 -1.573396 1.859183
Car -1 -1 -10 661.000000 181.000000 724.000000 236.000000 1.466037 1.573155 3.840527 2.569100 1.806554 22.559137 -1.592990 1.819999
Car -1 -1 -10 647.000000 176.000000 691.000000 217.000000 1.581174 1.564468 3.432081 2.525777 1.846575 31.588968 -1.630295 1.750343
Car -1 -1 -10 198.000000 186.000000 422.000000 265.000000 1.480392 1.579073 3.932625 -6.124684 1.789539 14.274793 -3.014955 1.568702
Car -1 -1 -10 0.000000 161.000000 306.000000 324.000000 1.741170 1.697204 3.841310 -6.072256 1.682202 9.098414 -3.183363 1.553493
Car -1 -1 -10 635.000000 180.000000 662.000000 204.000000 1.447939 1.562927 3.511745 2.422071 1.930757 45.311626 -1.572856 1.119473
Car -1 -1 -10 460.000000 181.000000 540.000000 209.000000 1.478622 1.611638 3.941162 -6.186893 2.074806 40.816254 0.332632 0.975194
Car -1 -1 -10 276.000000 182.000000 440.000000 246.000000 1.534711 1.597949 3.961735 -6.288322 1.803677 16.823536 -3.150824 0.947636
Car -1 -1 -10 460.000000 181.000000 540.000000 209.000000 1.577309 1.608156 4.149374 -6.259144 2.058110 42.773636 -3.076492 0.846630
Car -1 -1 -10 404.000000 182.000000 512.000000 222.000000 1.483836 1.567676 3.787371 -5.631258 1.741224 25.886473 0.160522 0.813946
Car -1 -1 -10 404.000000 182.000000 512.000000 222.000000 1.532012 1.626433 4.066773 -6.280011 1.970570 30.155045 0.032428 0.795384
