Car -1 -1 -10 395.000000 183.000000 500.000000 253.000000 1.469433 1.579304 3.681053 -3.802851 1.457309 17.315336 -1.567394 1.975221
Car -1 -1 -10 248.000000 174.000000 367.000000 244.000000 1.629367 1.675822 4.109553 -7.988011 1.438376 19.626387 -1.588406 1.934112
Car -1 -1 -10 494.000000 182.000000 546.000000 218.000000 1.431856 1.618809 3.985516 -3.557003 1.238549 29.498775 -1.552314 1.926466
Car -1 -1 -10 574.000000 177.000000 617.000000 217.000000 1.523046 1.601675 4.238659 -0.616975 1.233954 31.545845 -1.588064 1.918158
Car -1 -1 -10 6.000000 181.000000 295.000000 373.000000 1.576160 1.549288 3.396996 -3.247425 1.633695 4.317470 -1.578299 1.592550
Car -1 -1 -10 23.000000 183.000000 244.000000 276.000000 1.459695 1.588511 3.622693 -8.543228 1.533581 13.456161 -1.625207 1.462938
Car -1 -1 -10 354.000000 180.000000 428.000000 223.000000 1.586924 1.603768 3.554232 -7.921181 1.357932 26.074900 1.375078 1.156392
Car -1 -1 -10 451.000000 179.000000 497.000000 209.000000 1.490609 1.619140 3.939054 -8.202676 1.211220 44.293526 -1.649192 0.877967
Car -1 -1 -10 111.000000 187.000000 242.000000 237.000000 1.429420 1.592783 3.857614 -12.345202 1.420546 20.905884 -1.554251 0.635666
Car -1 -1 -10 414.000000 179.000000 445.000000 195.000000 1.470026 1.658515 3.881272 -13.668525 0.867676 55.354183 -1.769717 0.127784
