Car -1 -1 -10 393.000000 189.000000 468.000000 235.000000 1.475803 1.585418 3.905758 -6.052814 2.018693 24.511602 1.603481 1.931842
Car -1 -1 -10 206.000000 198.000000 364.000000 294.000000 1.423946 1.600854 4.011696 -6.031021 1.968212 13.719343 1.532503 1.926255
Car -1 -1 -10 313.000000 193.000000 426.000000 260.000000 1.462297 1.508002 3.630028 -6.056969 1.987357 18.574621 1.575999 1.923151
Car -1 -1 -10 452.000000 186.000000 502.000000 221.000000 1.451536 1.580232 4.061374 -5.902601 2.083227 31.952934 1.591606 1.894110
Car -1 -1 -10 2.000000 205.000000 255.000000 371.000000 1.465744 1.604919 4.063208 -5.852536 1.986736 8.247634 1.540083 1.885014
Car -1 -1 -10 668.000000 175.000000 731.000000 216.000000 1.581821 1.644139 4.152666 3.165549 1.521418 26.424994 1.501468 1.884086
Car -1 -1 -10 842.000000 149.000000 1010.000000 207.000000 1.550089 1.699869 4.469987 9.143658 0.982368 20.424877 3.102632 1.772162
Car -1 -1 -10 655.000000 175.000000 706.000000 209.000000 1.445622 1.553762 3.694071 2.967770 1.485177 31.719385 -1.577077 1.204948
Car -1 -1 -10 765.000000 158.000000 918.000000 201.000000 1.469766 1.547396 4.426941 8.509359 1.136603 27.994707 3.083950 0.937469
Car -1 -1 -10 1146.000000 133.000000 1238.000000 178.000000 1.556609 1.613341 3.938304 23.216366 0.164820 28.577559 -0.385211 0.927577
Car -1 -1 -10 647.000000 176.000000 683.000000 203.000000 1.510067 1.580329 3.882941 3.065969 1.654050 41.714867 1.528264 0.908271
Car -1 -1 -10 476.000000 184.000000 517.000000 214.000000 1.479360 1.562970 3.698255 -5.958006 2.170956 37.930035 1.579011 0.846290
Car -1 -1 -10 637.000000 176.000000 671.000000 197.000000 1.553494 1.586396 3.456114 3.272991 1.838742 55.756851 -1.523133 0.454897
Car -1 -1 -10 602.000000 173.000000 620.000000 189.000000 1.629697 1.561171 3.889167 0.087033 1.614266 68.216858 1.568070 0.096575
