Car -1 -1 -10 367.000000 184.000000 470.000000 248.000000 1.458717 1.551105 3.499756 -4.699041 1.359989 17.960701 -1.595304 1.953430
Car -1 -1 -10 572.000000 171.000000 656.000000 250.000000 1.531152 1.637445 3.842439 0.015416 1.321524 16.640532 -1.577720 1.940702
Car -1 -1 -10 448.000000 179.000000 517.000000 223.000000 1.470834 1.647497 4.340746 -4.494408 1.189180 26.017822 -1.565251 1.939710
Car -1 -1 -10 279.000000 179.000000 381.000000 234.000000 1.502099 1.616345 3.935289 -8.388222 1.287553 21.982121 -1.565922 1.889637
Car -1 -1 -10 127.000000 179.000000 252.000000 229.000000 1.550172 1.624627 3.653931 -12.897527 1.425661 22.453949 -1.576324 1.840760
Car -1 -1 -10 1.000000 180.000000 282.000000 372.000000 1.560802 1.632302 3.908549 -4.202374 1.617252 5.195848 -1.581134 1.773696
Car -1 -1 -10 376.000000 166.000000 418.000000 206.000000 1.760357 1.659793 3.873933 -12.103779 0.950828 41.537415 -1.775545 0.691342
Car -1 -1 -10 594.000000 171.000000 650.000000 225.000000 1.508568 1.580935 3.721887 0.374316 1.268085 32.059147 1.091278 0.385698
Car -1 -1 -10 607.000000 167.000000 643.000000 209.000000 1.689448 1.661168 4.202807 0.487123 0.931898 19.727642 1.547606 0.217568
Car -1 -1 -10 670.000000 179.000000 693.000000 194.000000 1.484316 1.569580 4.161557 7.391183 0.844844 69.068642 2.055980 0.115107
