Car -1 -1 -10 833.000000 194.000000 1241.000000 307.000000 1.528533 1.657405 4.432828 6.256051 1.874601 10.921467 3.216629 1.908698
Car -1 -1 -10 307.000000 183.000000 486.000000 243.000000 1.514935 1.629603 4.353499 -5.784300 1.834885 20.316784 0.125528 1.841795
Car -1 -1 -10 126.000000 186.000000 436.000000 267.000000 1.423286 1.659076 4.048325 -6.082762 1.626260 13.454431 -3.121171 1.816632
Car -1 -1 -10 793.000000 188.000000 959.000000 250.000000 1.442594 1.612178 3.961088 6.599987 1.855127 18.613770 -0.083247 1.775451
Car -1 -1 -10 705.000000 185.000000 794.000000 221.000000 1.543601 1.648618 3.801194 5.974370 2.041014 30.480986 -0.042242 1.706123
Car -1 -1 -10 640.000000 184.000000 670.000000 208.000000 1.551187 1.619647 3.756811 2.812289 2.251266 44.899712 -1.514596 1.661100
Car -1 -1 -10 372.000000 179.000000 501.000000 229.000000 1.603136 1.686240 3.904937 -6.202206 1.816299 25.496941 -3.164676 1.249293
Car -1 -1 -10 457.000000 179.000000 540.000000 212.000000 1.562303 1.649944 3.980822 -5.819593 2.129735 38.676678 -3.142626 1.247469
Car -1 -1 -10 771.000000 183.000000 894.000000 242.000000 1.546257 1.606487 3.790440 6.540666 1.946732 21.011955 -0.179352 1.096900
Car -1 -1 -10 4.000000 162.000000 249.000000 344.000000 1.600463 1.640084 4.163025 -5.306623 1.606216 6.232337 -3.154092 0.841710
Car -1 -1 -10 425.000000 181.000000 517.000000 219.000000 1.439439 1.634491 3.896436 -5.849715 1.922768 31.337942 -2.496286 0.742865
