Car -1 -1 -10 698.000000 176.000000 805.000000 255.000000 1.471418 1.586560 3.799979 2.966448 1.580444 15.672720 -1.537669 1.970022
Car -1 -1 -10 444.000000 181.000000 499.000000 217.000000 1.518587 1.615163 4.015821 -6.039233 1.929316 31.495319 1.600116 1.930609
Car -1 -1 -10 0.000000 206.000000 259.000000 357.000000 1.434645 1.567147 3.668204 -6.149048 1.945232 9.081124 1.552854 1.903037
Car -1 -1 -10 843.000000 152.000000 1069.000000 222.000000 1.577847 1.667272 4.499318 8.195501 1.140079 17.852318 3.161846 1.865108
Car -1 -1 -10 963.000000 130.000000 1241.000000 260.000000 1.761176 1.690813 4.228328 8.034314 1.296715 11.805285 3.267460 1.594342
Car -1 -1 -10 330.000000 182.000000 441.000000 250.000000 1.670992 1.707202 4.459773 -6.252738 1.959658 20.450676 -1.533314 1.427567
Car -1 -1 -10 718.000000 161.000000 798.000000 207.000000 1.546590 1.714883 4.297530 9.196111 1.430564 43.404373 3.204106 1.416960
Car -1 -1 -10 470.000000 181.000000 513.000000 211.000000 1.421727 1.564146 3.658679 -6.040999 1.891004 36.948288 1.541106 1.007637
Car -1 -1 -10 486.000000 181.000000 526.000000 206.000000 1.508406 1.575786 3.709071 -5.996007 1.832656 41.804638 1.589154 0.919960
Car -1 -1 -10 502.000000 180.000000 534.000000 202.000000 1.510228 1.624647 4.120854 -6.058509 1.919377 47.937435 1.587242 0.765635
Car -1 -1 -10 644.000000 173.000000 667.000000 194.000000 1.552396 1.607536 3.603701 3.847295 1.629125 61.378696 -1.500364 0.366207
