Car -1 -1 -10 553.000000 184.000000 710.000000 333.000000 1.467179 1.661645 3.607616 0.222752 1.576097 9.051614 -1.503358 1.926945
Car -1 -1 -10 689.000000 178.000000 745.000000 216.000000 1.449844 1.591601 4.026648 4.315733 1.645222 29.159447 -1.591199 1.914822
Car -1 -1 -10 2.000000 173.000000 373.000000 374.000000 1.495135 1.633878 3.817215 -3.334032 1.712453 5.548213 -1.584511 1.901949
Car -1 -1 -10 439.000000 178.000000 522.000000 240.000000 1.453253 1.573028 3.931625 -3.589518 1.743145 20.124704 -1.584321 1.848470
Car -1 -1 -10 470.000000 168.000000 537.000000 221.000000 1.730413 1.667577 4.047556 -3.804296 1.690166 26.656080 -1.576609 1.768092
Car -1 -1 -10 573.000000 179.000000 655.000000 269.000000 1.698747 1.619119 4.185652 0.091965 2.139655 20.537605 -1.556746 1.049191
Car -1 -1 -10 969.000000 86.000000 1238.000000 369.000000 2.180440 1.765712 4.490803 3.996738 1.747214 5.801452 -1.340926 0.885405
Car -1 -1 -10 210.000000 178.000000 272.000000 214.000000 1.539587 1.608742 3.638341 -24.708843 2.220364 48.137238 0.523314 0.457793
Car -1 -1 -10 735.000000 171.000000 770.000000 186.000000 1.487494 1.647370 3.752310 13.647621 1.330508 68.760658 -1.221385 0.393676
Car -1 -1 -10 624.000000 171.000000 666.000000 190.000000 1.564088 1.656871 3.653067 3.165706 1.524681 68.839577 2.634459 0.373213
