Car -1 -1 -10 714.000000 175.000000 844.000000 273.000000 1.535378 1.621719 4.117557 3.149461 1.690737 14.239310 -1.541684 1.964402
Car -1 -1 -10 361.000000 185.000000 475.000000 279.000000 1.470391 1.479883 3.360963 -3.842138 1.817480 14.615541 1.522598 1.961576
Car -1 -1 -10 431.000000 185.000000 517.000000 248.000000 1.461624 1.535027 3.760990 -3.609126 1.859032 19.490685 1.624746 1.955289
Car -1 -1 -10 689.000000 179.000000 767.000000 238.000000 1.508220 1.548987 3.509920 3.115105 1.708481 19.860714 -1.582061 1.929564
Car -1 -1 -10 750.000000 185.000000 1045.000000 364.000000 1.458127 1.618405 4.102714 2.858864 1.612721 8.010303 -1.579524 1.909988
Car -1 -1 -10 194.000000 198.000000 432.000000 365.000000 1.437475 1.613849 4.009124 -3.578405 1.886908 9.195270 1.555542 1.898012
Car -1 -1 -10 640.000000 178.000000 681.000000 205.000000 1.528538 1.622015 3.946154 2.934868 1.788438 41.653919 -1.627378 1.827471
Car -1 -1 -10 15.000000 215.000000 257.000000 374.000000 1.430903 1.616904 3.814671 -3.516557 1.727901 3.500287 1.569717 1.501535
Car -1 -1 -10 936.000000 173.000000 1241.000000 371.000000 1.533007 1.627537 3.652589 2.689106 1.747604 2.105439 -1.559388 1.260988
Car -1 -1 -10 598.000000 180.000000 629.000000 199.000000 1.544212 1.572415 3.575437 0.205646 2.137914 56.120174 -1.566456 0.766895
