Car -1 -1 -10 440.000000 172.000000 516.000000 233.000000 1.809028 1.715177 4.243417 -4.325998 1.852884 23.803633 1.500571 1.965014
Car -1 -1 -10 302.000000 193.000000 445.000000 300.000000 1.513565 1.516235 3.478550 -4.017590 1.922346 12.352220 1.555402 1.964250
Car -1 -1 -10 681.000000 172.000000 799.000000 266.000000 1.648678 1.638360 3.944302 2.447616 1.709557 15.550137 -1.642498 1.929981
Car -1 -1 -10 630.000000 179.000000 686.000000 222.000000 1.503493 1.582946 3.970276 1.790745 1.718894 28.022377 -1.626582 1.892232
Car -1 -1 -10 0.000000 203.000000 347.000000 374.000000 1.535707 1.651867 4.120676 -3.596896 1.925380 5.944062 1.527303 1.885507
Car -1 -1 -10 753.000000 189.000000 974.000000 322.000000 1.539018 1.596239 3.872954 3.152787 1.694228 10.073363 -1.569588 1.839206
Car -1 -1 -10 853.000000 202.000000 1241.000000 374.000000 1.536070 1.602082 3.914407 3.326147 1.780768 5.339270 -1.606214 1.712862
Car -1 -1 -10 508.000000 179.000000 538.000000 204.000000 1.524186 1.635009 4.050862 -5.589731 1.927362 45.456467 1.423393 1.704688
Car -1 -1 -10 652.000000 176.000000 738.000000 239.000000 1.547473 1.647440 3.893798 2.594897 1.776631 21.746140 1.650119 1.330540
Car -1 -1 -10 624.000000 178.000000 657.000000 209.000000 1.529523 1.550146 3.514591 1.421211 1.652505 33.585571 -1.677709 1.117082
