Car -1 -1 -10 677.000000 177.000000 751.000000 224.000000 1.525781 1.639510 4.003775 3.165604 1.555060 22.973410 -1.600467 1.925175
Car -1 -1 -10 355.000000 192.000000 446.000000 248.000000 1.448741 1.599216 4.000160 -6.012589 2.026320 21.010866 1.576592 1.920610
Car -1 -1 -10 428.000000 189.000000 490.000000 229.000000 1.435275 1.568564 3.895020 -5.939179 2.079214 28.411720 1.583787 1.919590
Car -1 -1 -10 666.000000 175.000000 722.000000 218.000000 1.568204 1.609053 3.719318 3.091841 1.636898 28.276472 -1.584539 1.906327
Car -1 -1 -10 241.000000 199.000000 386.000000 285.000000 1.381979 1.540047 3.830015 -5.995957 1.965674 15.170754 1.564313 1.883327
Car -1 -1 -10 10.000000 205.000000 300.000000 350.000000 1.457848 1.642897 4.026118 -6.104280 2.025257 10.228788 1.547809 1.852540
Car -1 -1 -10 885.000000 144.000000 1102.000000 215.000000 1.533463 1.659342 4.357368 9.192710 0.943682 16.994337 3.155101 1.840222
Car -1 -1 -10 650.000000 177.000000 691.000000 207.000000 1.616189 1.606026 3.995094 3.157352 1.834674 38.418812 1.560994 1.615634
Car -1 -1 -10 462.000000 186.000000 509.000000 218.000000 1.553841 1.528272 3.701020 -5.962302 2.194113 34.496655 1.584035 1.405084
Car -1 -1 -10 787.000000 157.000000 936.000000 205.000000 1.421537 1.560542 4.299034 8.188524 1.085795 24.709888 2.981335 1.095738
Car -1 -1 -10 493.000000 184.000000 531.000000 209.000000 1.483693 1.589337 3.940267 -5.887817 2.118788 43.296124 1.667996 0.863310
Car -1 -1 -10 634.000000 176.000000 670.000000 198.000000 1.584513 1.659108 4.044730 2.946530 1.773193 52.702518 -1.625500 0.556160
Car -1 -1 -10 0.000000 227.000000 67.000000 369.000000 1.452316 1.616332 3.671881 -6.149899 1.894720 5.058389 -1.686901 0.525469
Car -1 -1 -10 823.000000 148.000000 1007.000000 205.000000 1.490562 1.526923 4.268620 9.107553 0.938949 21.990356 0.022655 0.493576
Car -1 -1 -10 596.000000 174.000000 619.000000 190.000000 1.629697 1.561171 3.889167 -0.243870 1.708856 68.216911 1.563219 0.216691
