Car -1 -1 -10 462.000000 180.000000 515.000000 212.000000 1.479814 1.588145 3.820580 -5.737743 1.758177 33.673332 1.116469 1.921617
Car -1 -1 -10 338.000000 181.000000 416.000000 208.000000 1.496291 1.638058 4.345856 -13.160958 1.933117 40.298450 0.388618 1.916749
Car -1 -1 -10 0.000000 193.000000 238.000000 369.000000 1.434368 1.599193 3.989470 -5.914222 1.788056 7.951478 1.526025 1.836753
Car -1 -1 -10 836.000000 195.000000 1241.000000 374.000000 1.506185 1.624071 3.920703 2.976657 1.633169 4.542115 -1.596818 1.689434
Car -1 -1 -10 646.000000 173.000000 712.000000 194.000000 1.569666 1.725549 4.574753 5.043064 1.615062 53.978123 2.846957 1.304198
Car -1 -1 -10 545.000000 176.000000 602.000000 197.000000 1.522727 1.687801 4.151447 -2.573585 1.736467 51.988628 -2.255489 1.203317
Car -1 -1 -10 131.000000 180.000000 213.000000 253.000000 1.500936 1.536358 3.413264 -15.172350 2.065692 24.990744 1.372414 1.150097
Car -1 -1 -10 50.000000 183.000000 155.000000 234.000000 1.491964 1.631570 3.631520 -18.102238 1.933821 25.850485 1.487221 1.090114
Car -1 -1 -10 528.000000 172.000000 584.000000 196.000000 1.658220 1.755696 4.438095 -4.523120 1.666157 60.467556 -3.025676 0.647352
Car -1 -1 -10 0.000000 187.000000 145.000000 263.000000 1.461516 1.616411 3.895181 -10.257233 1.510807 12.106510 1.587521 0.387094
