Car -1 -1 -10 674.000000 173.000000 761.000000 235.000000 1.516550 1.592851 3.760592 2.840590 1.560416 19.869661 -1.580270 1.939766
Car -1 -1 -10 703.000000 179.000000 819.000000 265.000000 1.505139 1.544709 3.461387 2.821645 1.614942 14.354465 -1.584262 1.938890
Car -1 -1 -10 732.000000 160.000000 1012.000000 347.000000 1.629554 1.652179 4.006019 2.783419 1.568648 8.592425 -1.603673 1.878715
Car -1 -1 -10 651.000000 172.000000 694.000000 207.000000 1.458176 1.569062 3.680431 2.682529 1.489555 31.853767 -1.567245 1.858288
Car -1 -1 -10 306.000000 166.000000 466.000000 226.000000 1.546095 1.678856 4.470487 -5.588479 1.259461 17.664303 -1.501219 1.473094
Car -1 -1 -10 391.000000 169.000000 510.000000 210.000000 1.504873 1.626946 4.370523 -6.776953 1.610216 30.428743 -2.880823 1.436022
Car -1 -1 -10 213.000000 164.000000 431.000000 257.000000 1.537295 1.668300 4.082297 -5.575521 1.545403 13.957718 -1.475057 1.428921
Car -1 -1 -10 306.000000 166.000000 466.000000 226.000000 1.682952 1.712041 4.295957 -6.655585 1.560915 22.441652 -3.225872 1.417948
Car -1 -1 -10 0.000000 182.000000 302.000000 326.000000 1.501551 1.595258 3.935026 -6.584974 1.730243 10.901622 -3.236844 1.376982
Car -1 -1 -10 0.000000 200.000000 189.000000 372.000000 1.407745 1.533091 4.067391 -5.675976 1.711300 6.409389 1.508085 1.208893
