Car -1 -1 -10 698.000000 184.000000 803.000000 258.000000 1.431746 1.563816 3.486912 2.908810 1.354284 15.542638 -1.564263 1.962855
Car -1 -1 -10 408.000000 178.000000 504.000000 245.000000 1.529172 1.656525 4.223208 -3.837361 1.319222 18.300230 -1.590888 1.953681
Car -1 -1 -10 257.000000 177.000000 449.000000 307.000000 1.499686 1.557584 3.494186 -3.524479 1.435630 10.573060 -1.570110 1.926642
Car -1 -1 -10 639.000000 177.000000 679.000000 206.000000 1.422538 1.621297 3.889218 2.661323 0.979438 38.003433 -1.560984 1.900817
Car -1 -1 -10 474.000000 177.000000 524.000000 216.000000 1.497283 1.578994 3.632363 -4.506207 1.199348 29.513203 -1.581888 1.886212
Car -1 -1 -10 0.000000 183.000000 228.000000 294.000000 1.462907 1.565899 3.637693 -7.978754 1.455550 11.341297 -1.549050 1.814494
Car -1 -1 -10 586.000000 175.000000 615.000000 199.000000 1.474549 1.629733 3.688239 -0.507576 0.856635 47.540844 -1.580527 1.770223
Car -1 -1 -10 512.000000 178.000000 545.000000 203.000000 1.446520 1.609189 3.811217 -4.684601 1.001524 42.033726 -1.685405 1.524722
Car -1 -1 -10 389.000000 181.000000 426.000000 209.000000 1.453596 1.516705 3.603198 -8.703039 1.115315 29.381174 -1.934990 0.288727
Car -1 -1 -10 530.000000 178.000000 554.000000 197.000000 1.562480 1.612482 3.682212 -4.716987 0.974530 51.725903 -1.648196 0.284057
Car -1 -1 -10 617.000000 177.000000 634.000000 190.000000 1.629697 1.561171 3.889167 1.687148 0.681303 68.216553 1.591488 0.062472
