Car -1 -1 -10 669.000000 186.000000 747.000000 243.000000 1.436072 1.622542 4.004108 2.670945 1.753265 20.464191 -1.552086 1.955551
Car -1 -1 -10 70.000000 182.000000 410.000000 284.000000 1.550695 1.659264 4.408559 -6.214104 1.728278 12.641455 -0.008678 1.815216
Car -1 -1 -10 629.000000 181.000000 649.000000 196.000000 1.494039 1.628666 3.802040 2.493963 2.132841 63.767666 1.533817 1.665271
Car -1 -1 -10 454.000000 178.000000 539.000000 211.000000 1.545402 1.660298 4.119847 -5.928092 2.052109 39.161152 -3.158122 1.491279
Car -1 -1 -10 740.000000 181.000000 836.000000 228.000000 1.565105 1.688994 3.683798 6.393488 1.924183 25.627014 0.066088 1.452830
Car -1 -1 -10 0.000000 188.000000 219.000000 352.000000 1.509604 1.622422 3.783982 -5.855354 1.638906 7.716767 -3.137693 1.422061
Car -1 -1 -10 281.000000 179.000000 425.000000 246.000000 1.504698 1.543502 3.716522 -6.334269 1.714526 17.434008 0.190218 1.408144
Car -1 -1 -10 328.000000 180.000000 492.000000 234.000000 1.542732 1.632252 4.199422 -5.882038 1.830140 22.091829 0.183933 1.380471
Car -1 -1 -10 394.000000 180.000000 515.000000 223.000000 1.528124 1.619536 3.986874 -5.560917 1.611372 24.446356 -3.133865 1.032073
Car -1 -1 -10 690.000000 180.000000 752.000000 218.000000 1.619197 1.552366 3.634877 5.697435 2.055686 39.769665 -1.481653 0.801946
Car -1 -1 -10 666.000000 180.000000 706.000000 201.000000 1.572841 1.600066 3.412170 5.125839 1.991283 49.649586 -0.009901 0.618640
