Car -1 -1 -10 670.000000 183.000000 762.000000 247.000000 1.487504 1.554805 3.564026 2.576274 1.728244 18.409689 -1.603782 1.954073
Car -1 -1 -10 469.000000 187.000000 544.000000 244.000000 1.446670 1.600391 3.612964 -2.883908 1.865304 20.636894 -1.568987 1.928322
Car -1 -1 -10 121.000000 203.000000 439.000000 374.000000 1.483627 1.619787 4.111129 -3.214265 1.817612 7.799213 -1.593868 1.909204
Car -1 -1 -10 701.000000 189.000000 850.000000 282.000000 1.459665 1.588841 3.791547 2.792037 1.703781 13.158199 -1.594874 1.889223
Car -1 -1 -10 744.000000 192.000000 1044.000000 363.000000 1.446244 1.635100 4.090713 2.768152 1.632800 7.906009 -1.558571 1.877226
Car -1 -1 -10 520.000000 181.000000 563.000000 218.000000 1.513073 1.568342 3.750427 -2.882099 1.916808 31.812162 1.564304 1.833825
Car -1 -1 -10 662.000000 171.000000 732.000000 232.000000 1.720926 1.641299 4.022682 2.660802 1.717636 23.049885 -1.627536 1.785301
Car -1 -1 -10 635.000000 178.000000 667.000000 205.000000 1.482860 1.601770 4.010446 2.280242 1.779737 41.540047 -1.546845 1.723757
Car -1 -1 -10 0.000000 238.000000 263.000000 374.000000 1.506760 1.594115 3.628494 -2.988138 1.845645 2.577295 -1.546358 1.339227
Car -1 -1 -10 558.000000 178.000000 583.000000 196.000000 1.524041 1.648310 3.817338 -3.239398 1.878924 58.103374 1.473898 1.201669
