Car -1 -1 -10 412.000000 185.000000 484.000000 230.000000 1.426883 1.543332 3.664508 -5.609882 1.844929 25.186008 1.578502 1.929743
Car -1 -1 -10 350.000000 187.000000 452.000000 248.000000 1.469266 1.628487 3.936097 -5.663089 1.915764 19.789532 1.628499 1.890571
Car -1 -1 -10 445.000000 183.000000 502.000000 222.000000 1.436046 1.533332 3.667361 -5.601310 1.868930 30.169147 1.590206 1.844042
Car -1 -1 -10 0.000000 190.000000 282.000000 371.000000 1.602638 1.607940 3.914592 -5.896622 1.865930 8.601239 -1.564050 1.775761
Car -1 -1 -10 891.000000 170.000000 1239.000000 374.000000 1.562167 1.621042 3.831390 3.064268 1.675046 4.081921 -1.551144 1.663020
Car -1 -1 -10 762.000000 156.000000 877.000000 194.000000 1.503241 1.672943 4.136553 9.550155 0.933244 31.616875 3.176084 1.537021
Car -1 -1 -10 662.000000 174.000000 703.000000 200.000000 1.471926 1.597923 3.989558 3.716707 1.426444 38.034184 -1.610014 1.334142
Car -1 -1 -10 473.000000 183.000000 520.000000 212.000000 1.466124 1.606532 4.042271 -5.611541 1.941632 36.033516 1.553501 1.235851
Car -1 -1 -10 503.000000 180.000000 543.000000 206.000000 1.576165 1.635906 4.092747 -5.214217 1.994798 43.539436 1.627957 0.779976
Car -1 -1 -10 1024.000000 144.000000 1132.000000 176.000000 1.441647 1.588217 4.065300 23.528543 0.048416 36.459377 0.093713 0.759799
Car -1 -1 -10 1069.000000 139.000000 1222.000000 178.000000 1.617334 1.667367 3.812933 23.179132 0.259173 30.788536 0.111455 0.711690
Car -1 -1 -10 734.000000 161.000000 836.000000 192.000000 1.475192 1.561070 4.372921 9.318763 0.996628 39.315628 0.046964 0.573972
Car -1 -1 -10 652.000000 174.000000 688.000000 196.000000 1.517942 1.591478 3.916505 3.521402 1.363859 43.459743 -1.583910 0.346563
