Car -1 -1 -10 396.000000 187.000000 480.000000 237.000000 1.416057 1.634689 4.188296 -5.063428 1.509486 21.769629 -1.624683 1.936955
Car -1 -1 -10 1.000000 199.000000 380.000000 373.000000 1.472260 1.604284 3.965000 -3.377955 1.691920 6.134748 -1.559814 1.906012
Car -1 -1 -10 307.000000 186.000000 386.000000 231.000000 1.468988 1.532013 3.243240 -8.876814 1.509810 24.575108 -1.614510 1.893290
Car -1 -1 -10 571.000000 179.000000 605.000000 210.000000 1.493646 1.600558 3.733061 -1.189627 1.258035 39.603043 -1.625347 1.831394
Car -1 -1 -10 189.000000 190.000000 334.000000 253.000000 1.495949 1.643797 3.928703 -8.001233 1.584899 17.238516 -1.563742 1.605854
Car -1 -1 -10 400.000000 182.000000 447.000000 214.000000 1.495147 1.636784 3.614541 -8.836346 1.297310 34.405025 -1.778359 1.519810
Car -1 -1 -10 368.000000 179.000000 413.000000 205.000000 1.485642 1.636020 3.787979 -13.529416 1.216660 44.772331 -1.716941 0.712333
Car -1 -1 -10 571.000000 180.000000 595.000000 198.000000 1.508612 1.653518 3.642696 -2.144221 1.058902 63.358738 -1.596330 0.498760
Car -1 -1 -10 304.000000 182.000000 363.000000 216.000000 1.568446 1.619982 3.567799 -11.959805 1.348322 31.130346 -1.901643 0.451958
Car -1 -1 -10 432.000000 182.000000 474.000000 209.000000 1.461554 1.638557 3.835656 -13.393845 1.687246 62.545494 1.382976 0.275407
