Car -1 -1 -10 666.000000 182.000000 728.000000 228.000000 1.372184 1.594275 3.606120 2.682660 1.645644 23.425571 -1.559481 1.933384
Car -1 -1 -10 727.000000 170.000000 935.000000 330.000000 1.629755 1.582641 3.500103 2.723812 1.630353 9.725149 -1.603047 1.933025
Car -1 -1 -10 720.000000 172.000000 799.000000 217.000000 1.715508 1.735555 3.869453 5.884393 1.741020 28.788589 0.029260 1.631258
Car -1 -1 -10 378.000000 176.000000 502.000000 217.000000 1.481540 1.526461 4.251544 -6.137578 1.560064 25.810099 0.270097 1.604286
Car -1 -1 -10 68.000000 171.000000 355.000000 291.000000 1.588635 1.663700 4.155504 -6.311504 1.608800 11.175876 0.107890 1.593390
Car -1 -1 -10 312.000000 176.000000 487.000000 233.000000 1.481544 1.563855 4.498635 -6.035572 1.698748 20.986965 0.104005 1.527736
Car -1 -1 -10 0.000000 182.000000 288.000000 329.000000 1.481049 1.558074 3.987936 -6.031837 1.653688 8.515713 0.042468 1.491338
Car -1 -1 -10 628.000000 175.000000 653.000000 195.000000 1.536549 1.642550 3.963988 2.398110 1.740429 57.183403 -1.540833 1.404832
Car -1 -1 -10 271.000000 183.000000 433.000000 245.000000 1.436164 1.644514 4.062197 -6.534266 1.687667 18.735041 -3.078032 0.871723
Car -1 -1 -10 172.000000 171.000000 390.000000 254.000000 1.462364 1.527742 4.014087 -7.216041 1.639712 15.944755 -3.148605 0.683584
Car -1 -1 -10 676.000000 173.000000 726.000000 201.000000 1.450610 1.508815 3.841462 5.556056 1.445895 41.833046 2.242723 0.461219
Car -1 -1 -10 422.000000 175.000000 537.000000 205.000000 1.729231 1.697702 4.358784 -6.697782 1.800873 40.028740 0.051400 0.369579
