Car -1 -1 -10 342.000000 196.000000 465.000000 263.000000 1.466115 1.608368 3.785488 -5.167761 1.936093 16.983854 -2.217635 1.903404
Car -1 -1 -10 225.000000 191.000000 286.000000 228.000000 1.440570 1.598211 3.797702 -14.456436 2.122910 29.357557 -2.111788 1.890967
Car -1 -1 -10 819.000000 175.000000 932.000000 235.000000 1.410325 1.644009 4.075143 6.320757 1.442439 17.886684 1.701328 1.871238
Car -1 -1 -10 409.000000 176.000000 501.000000 214.000000 1.549641 1.686781 3.963483 -7.130686 1.762939 33.173340 -3.103885 1.674474
Car -1 -1 -10 734.000000 174.000000 807.000000 229.000000 1.540982 1.552053 3.693645 4.440374 1.561935 19.730043 1.851101 1.641901
Car -1 -1 -10 207.000000 189.000000 264.000000 222.000000 1.475127 1.608695 3.643783 -17.749979 2.239473 33.798664 -2.173019 1.633910
Car -1 -1 -10 477.000000 163.000000 741.000000 318.000000 1.800091 1.732441 4.531242 -0.263073 1.793840 10.890869 -2.183507 1.544646
Car -1 -1 -10 0.000000 190.000000 47.000000 225.000000 1.521969 1.598387 3.512227 -30.443384 2.485911 36.818054 0.899243 1.532361
Car -1 -1 -10 176.000000 184.000000 208.000000 206.000000 1.472744 1.652695 3.773641 -33.560894 2.513524 57.610569 -2.122785 0.693453
Car -1 -1 -10 887.000000 165.000000 1072.000000 224.000000 1.541832 1.689471 4.079053 8.148022 1.149032 15.824366 -2.127532 0.686870
Car -1 -1 -10 781.000000 175.000000 853.000000 221.000000 1.596566 1.644441 3.980689 8.682428 1.626303 29.063770 -1.885330 0.303483
