Car -1 -1 -10 444.000000 189.000000 528.000000 246.000000 1.431248 1.596438 3.946225 -3.304843 1.510320 19.531912 -1.562657 1.935841
Car -1 -1 -10 582.000000 181.000000 621.000000 216.000000 1.604454 1.592892 4.173100 -0.389289 1.410276 35.020721 -1.584295 1.923027
Car -1 -1 -10 40.000000 192.000000 405.000000 374.000000 1.497917 1.585715 3.545253 -3.562579 1.577640 7.232803 -1.585775 1.911128
Car -1 -1 -10 326.000000 187.000000 414.000000 235.000000 1.388857 1.587784 3.802058 -7.484218 1.491691 22.917265 -1.594537 1.908580
Car -1 -1 -10 39.000000 187.000000 245.000000 287.000000 1.451454 1.592112 3.748060 -7.865510 1.492867 12.572404 -1.531386 1.621752
Car -1 -1 -10 410.000000 182.000000 455.000000 218.000000 1.558317 1.638106 3.987045 -7.950899 1.449237 32.771873 -1.762669 1.582507
Car -1 -1 -10 496.000000 186.000000 533.000000 216.000000 1.399643 1.586032 4.115121 -4.554142 1.432002 35.412766 -1.582989 1.360942
Car -1 -1 -10 3.000000 189.000000 159.000000 272.000000 1.482952 1.609216 3.624300 -11.496614 1.638508 14.763616 -1.649432 1.333754
Car -1 -1 -10 294.000000 186.000000 357.000000 218.000000 1.530402 1.659315 3.861261 -12.344010 1.474719 31.875946 -1.422107 0.806136
Car -1 -1 -10 348.000000 182.000000 397.000000 203.000000 1.505843 1.555929 3.909724 -14.703106 1.132220 44.639008 0.921849 0.379752
