Car -1 -1 -10 430.000000 188.000000 485.000000 226.000000 1.491154 1.539396 3.587019 -6.309720 2.079582 29.900753 1.576213 1.909825
Car -1 -1 -10 460.000000 186.000000 507.000000 218.000000 1.479765 1.554667 3.746799 -6.221747 2.187142 35.466969 1.591996 1.842806
Car -1 -1 -10 650.000000 174.000000 697.000000 210.000000 1.502018 1.606567 3.955924 2.886568 1.607961 33.512402 -1.614472 1.836215
Car -1 -1 -10 160.000000 197.000000 232.000000 229.000000 1.546395 1.638752 3.762267 -20.928917 2.879111 36.722019 -1.599432 1.691368
Car -1 -1 -10 1.000000 215.000000 199.000000 373.000000 1.518852 1.629566 3.885824 -6.076375 2.012836 7.150401 1.543244 1.641698
Car -1 -1 -10 986.000000 192.000000 1238.000000 373.000000 1.471177 1.617522 3.876136 3.170408 1.651240 2.439123 -1.476074 1.345043
Car -1 -1 -10 215.000000 197.000000 284.000000 227.000000 1.416997 1.562379 3.621072 -18.190197 2.672980 36.763191 -1.537814 1.309645
Car -1 -1 -10 618.000000 175.000000 669.000000 196.000000 1.499540 1.667775 4.250058 2.493777 1.789044 55.766800 -0.818428 1.209217
Car -1 -1 -10 64.000000 204.000000 139.000000 233.000000 1.452725 1.573997 3.614652 -26.206755 3.027924 37.272343 -1.657603 1.060046
Car -1 -1 -10 488.000000 179.000000 525.000000 207.000000 1.592147 1.627657 4.063295 -6.332609 1.907176 43.712204 1.575100 0.917578
Car -1 -1 -10 115.000000 202.000000 184.000000 231.000000 1.502461 1.725290 4.161252 -24.055113 2.976784 37.529892 -1.714185 0.682986
Car -1 -1 -10 2.000000 206.000000 63.000000 240.000000 1.472045 1.603912 4.053530 -31.018822 3.388692 37.782486 1.491324 0.350269
