Car -1 -1 -10 485.000000 169.000000 543.000000 212.000000 1.476587 1.616117 3.925817 -3.630267 1.374908 27.096455 1.565398 1.966988
Car -1 -1 -10 685.000000 172.000000 759.000000 230.000000 1.589137 1.572125 3.479035 3.175867 1.598643 21.523966 -1.589525 1.966354
Car -1 -1 -10 312.000000 167.000000 476.000000 303.000000 1.539042 1.509282 3.580634 -3.223645 1.589376 10.847497 1.569672 1.933675
Car -1 -1 -10 723.000000 175.000000 850.000000 266.000000 1.556787 1.555732 3.355126 3.359218 1.700148 14.784145 -1.586684 1.912556
Car -1 -1 -10 662.000000 171.000000 722.000000 218.000000 1.545369 1.554574 3.595845 2.865885 1.486320 26.023401 -1.616858 1.897492
Car -1 -1 -10 765.000000 185.000000 1003.000000 335.000000 1.449796 1.624688 4.061630 3.308347 1.650600 9.551319 -1.557191 1.876712
Car -1 -1 -10 647.000000 170.000000 691.000000 205.000000 1.473076 1.571301 3.830297 2.567121 1.369529 32.038574 -1.592801 1.607133
Car -1 -1 -10 947.000000 202.000000 1235.000000 372.000000 1.601609 1.618609 3.815366 3.569167 1.891294 4.227000 -1.594481 1.525246
Car -1 -1 -10 0.000000 134.000000 416.000000 374.000000 1.778439 1.675866 4.241302 -2.892514 1.556399 5.557424 1.530920 1.215727
Car -1 -1 -10 508.000000 169.000000 549.000000 203.000000 1.506485 1.587948 3.911980 -3.745656 1.382740 33.052280 1.572518 1.058316
