Car -1 -1 -10 410.000000 183.000000 500.000000 241.000000 1.401871 1.549073 3.700415 -4.346513 1.762423 20.686047 1.613601 1.959628
Car -1 -1 -10 747.000000 182.000000 864.000000 260.000000 1.510326 1.593154 3.800375 4.080049 1.709571 15.770732 -1.505681 1.952231
Car -1 -1 -10 718.000000 179.000000 796.000000 234.000000 1.469878 1.601496 3.823974 4.194326 1.671755 21.345554 -1.505297 1.941948
Car -1 -1 -10 462.000000 182.000000 530.000000 226.000000 1.479210 1.536889 3.775110 -4.150808 1.807744 26.421251 1.605924 1.939125
Car -1 -1 -10 791.000000 180.000000 1004.000000 307.000000 1.560040 1.552378 3.341727 3.853427 1.663166 10.585221 -1.587124 1.935303
Car -1 -1 -10 695.000000 178.000000 754.000000 221.000000 1.456830 1.575561 3.763407 4.189639 1.626881 26.455376 -1.542654 1.880594
Car -1 -1 -10 498.000000 182.000000 545.000000 216.000000 1.451301 1.547614 3.843206 -3.884565 1.808459 31.605663 1.613648 1.871724
Car -1 -1 -10 549.000000 177.000000 580.000000 201.000000 1.514774 1.637208 3.908445 -3.089576 1.795996 47.884071 1.570410 1.821985
Car -1 -1 -10 937.000000 201.000000 1237.000000 374.000000 1.526078 1.597128 3.779100 3.780560 1.747651 4.885089 -1.566348 1.615185
Car -1 -1 -10 689.000000 176.000000 731.000000 212.000000 1.465674 1.550491 3.662822 4.294573 1.678235 31.811617 -1.530279 0.886505
Car -1 -1 -10 689.000000 176.000000 731.000000 212.000000 1.553192 1.706651 3.886563 5.105831 1.821434 37.336311 -1.497679 0.816916
Car -1 -1 -10 868.000000 172.000000 921.000000 200.000000 1.589815 1.593305 3.446068 12.335098 1.363242 32.412724 -0.564801 0.310272
