Car -1 -1 -10 467.000000 182.000000 522.000000 222.000000 1.431310 1.603055 3.800045 -4.641648 1.782321 28.052286 -1.846601 1.931135
Car -1 -1 -10 25.000000 204.000000 201.000000 310.000000 1.458125 1.508112 3.404104 -8.043035 2.024311 11.953674 1.301499 1.910551
Car -1 -1 -10 568.000000 190.000000 714.000000 276.000000 1.428405 1.603059 3.850671 0.318218 1.667956 13.472890 -1.872229 1.909353
Car -1 -1 -10 284.000000 184.000000 329.000000 214.000000 1.500548 1.597723 3.515620 -17.182749 2.231842 40.471897 1.295250 1.828437
Car -1 -1 -10 453.000000 181.000000 500.000000 214.000000 1.487514 1.590654 4.053543 -6.384935 1.863190 33.797344 -1.871997 1.809047
Car -1 -1 -10 641.000000 165.000000 747.000000 208.000000 1.550260 1.678912 4.189295 3.410025 1.282423 29.644590 -2.729643 1.772487
Car -1 -1 -10 440.000000 177.000000 464.000000 198.000000 1.495787 1.616676 3.691628 -13.373222 1.966426 60.894402 -1.786550 1.475374
Car -1 -1 -10 64.000000 190.000000 153.000000 219.000000 1.451814 1.629834 3.883708 -22.352943 1.991991 32.269474 1.520393 0.976431
Car -1 -1 -10 724.000000 135.000000 1234.000000 374.000000 1.878947 1.741067 4.471708 3.122709 1.605626 5.977687 -1.801278 0.897519
Car -1 -1 -10 301.000000 183.000000 337.000000 210.000000 1.600413 1.618114 3.990982 -18.490173 2.312897 45.870293 1.277112 0.509206
Car -1 -1 -10 593.000000 174.000000 683.000000 205.000000 1.564511 1.644844 4.093669 1.189369 1.575310 35.488796 -2.811891 0.470995
