Car -1 -1 -10 587.000000 189.000000 648.000000 235.000000 1.421544 1.595005 3.848341 0.121863 2.006612 24.585716 -1.695973 1.942918
Car -1 -1 -10 572.000000 188.000000 624.000000 224.000000 1.437611 1.593145 3.918687 -0.574949 2.024694 30.380783 -1.694261 1.925659
Car -1 -1 -10 1124.000000 171.000000 1241.000000 253.000000 1.518471 1.544960 3.490762 10.983404 1.442794 13.696272 2.238226 1.902138
Car -1 -1 -10 709.000000 200.000000 947.000000 334.000000 1.422140 1.599092 3.770831 2.472893 1.751166 9.458145 -1.685829 1.894861
Car -1 -1 -10 9.000000 215.000000 261.000000 362.000000 1.411403 1.575903 3.701926 -6.013989 2.084817 9.262658 1.443481 1.874649
Car -1 -1 -10 403.000000 190.000000 447.000000 223.000000 1.579674 1.546994 3.549065 -10.056623 2.596612 38.930096 1.476720 1.836567
Car -1 -1 -10 788.000000 171.000000 924.000000 222.000000 1.560706 1.619549 3.917280 8.559830 1.538189 24.716457 -2.581856 1.665570
Car -1 -1 -10 724.000000 179.000000 834.000000 212.000000 1.553763 1.677967 4.175113 7.266742 1.660886 30.950977 -2.863055 1.353299
Car -1 -1 -10 419.000000 189.000000 455.000000 218.000000 1.550030 1.629157 3.948784 -10.538017 2.669257 44.348007 -1.709119 1.346695
Car -1 -1 -10 1044.000000 209.000000 1241.000000 374.000000 1.548317 1.600707 3.767992 3.488548 1.767649 2.053381 1.562673 1.080204
Car -1 -1 -10 563.000000 183.000000 586.000000 204.000000 1.461931 1.602844 3.733173 -2.872360 2.387697 58.561844 -1.591320 1.050255
Car -1 -1 -10 203.000000 195.000000 273.000000 221.000000 1.412647 1.595021 3.679144 -16.642704 2.039434 31.633490 -2.643682 0.751443
Car -1 -1 -10 2.000000 228.000000 118.000000 371.000000 1.417668 1.616146 3.847561 -5.344547 1.923102 5.019113 1.498766 0.734338
Car -1 -1 -10 445.000000 191.000000 474.000000 212.000000 1.572101 1.616097 3.776443 -11.148622 2.957877 53.706402 -1.755918 0.257539
