Car -1 -1 -10 709.000000 179.000000 903.000000 318.000000 1.571663 1.682249 4.332812 2.752952 1.539872 10.984249 -1.582033 1.953429
Car -1 -1 -10 354.000000 186.000000 454.000000 253.000000 1.408127 1.554965 3.498739 -5.082784 1.525311 18.056993 -1.616002 1.952014
Car -1 -1 -10 42.000000 184.000000 336.000000 357.000000 1.493168 1.578074 3.588574 -4.609931 1.526568 8.545222 -1.607638 1.914766
Car -1 -1 -10 429.000000 188.000000 487.000000 233.000000 1.447872 1.584177 3.705583 -5.077751 1.527385 24.538937 -1.615974 1.906164
Car -1 -1 -10 559.000000 182.000000 601.000000 222.000000 1.509302 1.619759 4.037394 -1.201269 1.441743 30.916334 -1.604386 1.895759
Car -1 -1 -10 219.000000 170.000000 350.000000 240.000000 1.951361 1.838544 4.755831 -9.673615 1.616817 21.593681 -1.631938 1.786043
Car -1 -1 -10 599.000000 185.000000 623.000000 204.000000 1.510260 1.581417 3.604017 0.147047 1.503152 54.277737 -1.578540 1.780362
Car -1 -1 -10 0.000000 169.000000 201.000000 294.000000 1.750876 1.620959 3.586157 -8.930359 1.559482 12.655499 -1.767742 1.759621
Car -1 -1 -10 360.000000 186.000000 409.000000 223.000000 1.534564 1.652452 3.885745 -9.513825 1.559337 30.869675 -1.813191 1.559245
Car -1 -1 -10 450.000000 186.000000 496.000000 222.000000 1.561556 1.614987 3.924033 -6.016150 1.563151 31.900459 1.496884 1.448059
Car -1 -1 -10 484.000000 184.000000 516.000000 209.000000 1.440302 1.609901 3.814531 -6.750804 1.422030 44.972313 -1.703519 1.343533
Car -1 -1 -10 549.000000 186.000000 574.000000 213.000000 1.451328 1.559778 3.637328 -2.860810 1.501612 39.618271 -1.669163 1.103960
