Car -1 -1 -10 201.000000 179.000000 449.000000 264.000000 1.505157 1.609187 4.325045 -5.727127 1.723084 14.878010 0.148082 1.895976
Car -1 -1 -10 857.000000 193.000000 1106.000000 274.000000 1.402592 1.556138 3.685654 6.576763 1.814331 13.039488 -0.116493 1.858009
Car -1 -1 -10 638.000000 182.000000 672.000000 209.000000 1.408832 1.566150 3.568456 2.475931 1.944269 39.289570 -1.586412 1.743298
Car -1 -1 -10 50.000000 186.000000 367.000000 300.000000 1.452428 1.602385 4.145212 -5.791167 1.608857 10.337324 -3.192647 1.673262
Car -1 -1 -10 716.000000 183.000000 841.000000 230.000000 1.478763 1.634945 4.222158 5.993053 1.795990 25.080832 0.015780 1.644908
Car -1 -1 -10 409.000000 177.000000 522.000000 214.000000 1.651008 1.626889 4.037885 -6.427744 1.911083 33.053619 -3.103022 1.628371
Car -1 -1 -10 300.000000 177.000000 462.000000 237.000000 1.557051 1.630433 3.877825 -6.322360 1.708912 19.834337 -3.070297 1.572952
Car -1 -1 -10 0.000000 185.000000 234.000000 341.000000 1.461375 1.650786 4.145236 -6.468429 1.521537 8.101785 -3.210256 1.514092
Car -1 -1 -10 813.000000 185.000000 999.000000 265.000000 1.544503 1.628639 3.887734 6.420678 1.781971 15.357008 -0.058513 1.383836
Car -1 -1 -10 366.000000 179.000000 493.000000 225.000000 1.469950 1.616277 3.918442 -6.199094 1.788078 24.933929 -3.112396 1.155068
Car -1 -1 -10 1067.000000 183.000000 1234.000000 371.000000 1.490819 1.651181 3.715391 5.221583 1.825923 5.025844 1.582630 0.859404
