Car -1 -1 -10 521.000000 179.000000 591.000000 239.000000 1.559960 1.602306 3.806132 -1.740044 1.458939 21.893339 -1.744970 1.969046
Car -1 -1 -10 419.000000 180.000000 483.000000 239.000000 1.519569 1.601936 3.502833 -4.674792 1.464670 21.374353 -1.690033 1.935783
Car -1 -1 -10 148.000000 186.000000 304.000000 259.000000 1.466549 1.672814 4.308830 -8.704047 1.526238 16.760567 -1.688359 1.918485
Car -1 -1 -10 312.000000 183.000000 378.000000 226.000000 1.450967 1.599954 4.284318 -10.341090 1.496083 28.295561 -1.664165 1.903562
Car -1 -1 -10 43.000000 188.000000 193.000000 252.000000 1.415630 1.561837 3.678372 -12.379395 1.507282 18.403347 -1.744036 1.746675
Car -1 -1 -10 356.000000 184.000000 402.000000 214.000000 1.452131 1.607795 3.944181 -11.808041 1.379215 37.171886 -1.757034 1.742558
Car -1 -1 -10 502.000000 182.000000 524.000000 201.000000 1.485811 1.608927 3.831154 -7.846350 1.290825 59.303764 -1.690544 1.498577
Car -1 -1 -10 274.000000 185.000000 324.000000 213.000000 1.518836 1.640435 3.771786 -16.883305 1.530668 39.196362 -1.906122 1.295722
Car -1 -1 -10 182.000000 172.000000 269.000000 218.000000 1.523208 1.716455 4.185223 -14.675736 1.002622 27.617287 -1.651325 1.064057
Car -1 -1 -10 0.000000 197.000000 147.000000 357.000000 1.428690 1.586123 3.900769 -7.049180 1.722615 8.006555 1.455207 0.862990
