Car -1 -1 -10 657.000000 174.000000 701.000000 211.000000 1.739598 1.608977 3.704963 3.264960 1.954429 35.826492 -1.595123 1.956064
Car -1 -1 -10 699.000000 187.000000 804.000000 253.000000 1.427227 1.571111 3.671972 3.147186 1.720590 16.420675 -1.573164 1.927977
Car -1 -1 -10 0.000000 189.000000 365.000000 309.000000 1.502116 1.641865 4.372581 -5.946527 1.755923 9.774436 0.057311 1.882635
Car -1 -1 -10 781.000000 194.000000 1236.000000 374.000000 1.472854 1.674162 4.134972 2.847665 1.751165 5.880436 -1.588610 1.865504
Car -1 -1 -10 145.000000 177.000000 376.000000 263.000000 1.482813 1.616640 4.025956 -5.930834 1.577276 12.501528 -3.063046 1.501299
Car -1 -1 -10 394.000000 179.000000 518.000000 223.000000 1.407736 1.633469 4.063233 -5.377205 1.741427 25.756041 -2.983315 1.351235
Car -1 -1 -10 324.000000 181.000000 475.000000 239.000000 1.461736 1.627213 3.758759 -5.834453 1.645639 19.945320 -2.943758 1.277008
Car -1 -1 -10 439.000000 176.000000 532.000000 213.000000 1.626992 1.668642 3.718443 -5.567365 1.890316 32.718590 0.050123 1.088898
Car -1 -1 -10 474.000000 174.000000 550.000000 206.000000 1.732702 1.640517 4.083121 -5.718105 1.882302 42.739151 0.026767 0.828729
Car -1 -1 -10 642.000000 179.000000 670.000000 198.000000 1.504264 1.615018 3.705565 3.679432 2.030417 59.189438 -1.514049 0.297329
