Car -1 -1 -10 609.000000 180.000000 718.000000 263.000000 1.570494 1.639360 3.922301 1.085453 1.454286 16.153824 -1.706368 1.975498
Car -1 -1 -10 304.000000 188.000000 408.000000 250.000000 1.426731 1.594246 3.800081 -6.449237 1.522733 18.623055 -1.660664 1.927624
Car -1 -1 -10 501.000000 181.000000 549.000000 226.000000 1.581531 1.649939 3.648410 -3.241705 1.473625 27.727997 -1.686341 1.921641
Car -1 -1 -10 153.000000 192.000000 335.000000 292.000000 1.421702 1.582886 3.637599 -6.028905 1.572707 12.266000 -1.662714 1.917849
Car -1 -1 -10 368.000000 184.000000 431.000000 227.000000 1.491379 1.622499 4.265143 -7.809523 1.489308 26.895060 -1.662750 1.850011
Car -1 -1 -10 418.000000 184.000000 456.000000 211.000000 1.454988 1.613430 3.849411 -9.278378 1.357776 38.833878 -1.730593 1.788984
Car -1 -1 -10 54.000000 164.000000 244.000000 263.000000 1.797262 1.726711 4.226197 -10.573404 1.481999 17.065905 -1.578504 1.585458
Car -1 -1 -10 547.000000 183.000000 568.000000 202.000000 1.492498 1.610203 3.778267 -4.069186 1.339684 57.412670 -1.675401 1.523129
Car -1 -1 -10 264.000000 185.000000 336.000000 229.000000 1.417101 1.582531 3.798403 -11.240788 1.469322 26.537788 -1.834907 1.187736
Car -1 -1 -10 2.000000 207.000000 83.000000 375.000000 1.451164 1.618019 3.806174 -5.146516 1.701272 4.444444 -1.712368 1.142315
Car -1 -1 -10 494.000000 184.000000 524.000000 216.000000 1.591845 1.628939 3.727946 -7.177656 1.786869 51.645439 -1.720598 0.762827
Car -1 -1 -10 2.000000 174.000000 73.000000 216.000000 1.376693 1.553872 3.626797 -15.373699 0.979075 17.460619 1.495369 0.314168
Car -1 -1 -10 436.000000 183.000000 466.000000 207.000000 1.532441 1.604609 3.653934 -10.364464 1.447073 47.737232 -1.767937 0.222286
