Car -1 -1 -10 361.000000 184.000000 477.000000 255.000000 1.435032 1.583934 3.848753 -4.514379 1.780142 17.547356 1.626263 1.955465
Car -1 -1 -10 701.000000 179.000000 771.000000 230.000000 1.494037 1.573445 4.054229 4.003044 1.692600 23.316750 -1.551065 1.925917
Car -1 -1 -10 766.000000 186.000000 934.000000 285.000000 1.473376 1.587476 3.796411 3.959878 1.665078 12.607374 -1.531403 1.914203
Car -1 -1 -10 856.000000 182.000000 1206.000000 373.000000 1.503993 1.595060 3.340214 3.871083 1.686358 7.431493 -1.666880 1.911739
Car -1 -1 -10 728.000000 181.000000 823.000000 246.000000 1.473050 1.570993 3.746258 4.076182 1.703254 18.132011 -1.508650 1.909613
Car -1 -1 -10 479.000000 182.000000 534.000000 221.000000 1.461494 1.576254 3.979008 -4.106565 1.795919 28.567379 1.606535 1.892811
Car -1 -1 -10 434.000000 183.000000 511.000000 233.000000 1.510448 1.616084 4.003044 -4.407506 1.792620 23.351286 1.629907 1.843708
Car -1 -1 -10 538.000000 178.000000 571.000000 203.000000 1.460157 1.609022 3.643530 -3.334431 1.811167 44.509377 1.561676 1.814486
Car -1 -1 -10 691.000000 177.000000 736.000000 217.000000 1.537348 1.558009 3.579792 4.664224 1.779410 33.963848 -1.546577 1.734143
Car -1 -1 -10 691.000000 177.000000 736.000000 217.000000 1.487359 1.558125 3.766338 4.057505 1.713717 28.605606 -1.525973 1.597152
Car -1 -1 -10 687.000000 177.000000 718.000000 208.000000 1.553234 1.592247 3.809913 4.956532 1.788557 39.445457 -1.502932 0.699494
Car -1 -1 -10 1152.000000 176.000000 1241.000000 228.000000 1.506982 1.617905 3.643258 13.421966 1.227983 15.643774 -0.770323 0.643197
Car -1 -1 -10 553.000000 177.000000 579.000000 200.000000 1.545246 1.642957 3.878873 -2.932805 1.747483 48.999344 1.590969 0.626989
Car -1 -1 -10 985.000000 175.000000 1168.000000 230.000000 1.546836 1.661192 4.244955 17.355797 1.722833 26.742205 -0.252125 0.626156
