Car -1 -1 -10 663.000000 182.000000 726.000000 229.000000 1.472123 1.583278 3.927614 2.707138 1.725235 23.859612 -1.581602 1.945054
Car -1 -1 -10 102.000000 200.000000 384.000000 371.000000 1.438258 1.604069 3.844858 -3.840389 1.868290 8.293646 1.561710 1.913437
Car -1 -1 -10 851.000000 164.000000 1082.000000 234.000000 1.459908 1.675302 4.496052 8.188783 1.397292 16.726753 3.200452 1.898456
Car -1 -1 -10 473.000000 185.000000 512.000000 214.000000 1.532557 1.649484 4.168824 -6.315320 2.247231 39.557205 1.644827 1.850236
Car -1 -1 -10 280.000000 196.000000 400.000000 267.000000 1.491365 1.548743 3.518053 -6.394031 2.045295 17.449955 1.599455 1.738128
Car -1 -1 -10 392.000000 184.000000 478.000000 236.000000 1.636988 1.650553 3.851138 -6.582078 2.136839 27.917982 1.690286 1.702679
Car -1 -1 -10 824.000000 164.000000 981.000000 224.000000 1.522110 1.628145 4.118674 7.935145 1.346715 19.866619 3.130823 1.132648
Car -1 -1 -10 769.000000 165.000000 911.000000 211.000000 1.597693 1.639689 4.341346 7.894002 1.331207 26.113243 3.125802 1.076788
Car -1 -1 -10 1127.000000 138.000000 1236.000000 188.000000 1.871853 1.682539 3.730828 21.180632 0.587382 26.806791 -1.511439 0.772186
Car -1 -1 -10 1015.000000 152.000000 1133.000000 189.000000 1.560397 1.658558 4.239683 21.355116 0.640401 33.383209 1.578072 0.656412
Car -1 -1 -10 1103.000000 145.000000 1195.000000 190.000000 1.439392 1.548773 3.933012 22.438848 0.469493 29.898216 -0.352987 0.561854
Car -1 -1 -10 975.000000 155.000000 1083.000000 199.000000 1.577955 1.611298 3.871223 20.940708 0.917753 36.446800 -1.737837 0.543683
Car -1 -1 -10 489.000000 185.000000 522.000000 209.000000 1.439143 1.554905 3.699946 -6.548469 2.133145 44.750942 1.514579 0.440977
Car -1 -1 -10 632.000000 179.000000 650.000000 196.000000 1.478417 1.593120 3.710600 2.322858 1.833845 52.537163 -1.487889 0.290741
Car -1 -1 -10 266.000000 220.000000 376.000000 276.000000 1.731183 1.601061 4.158898 -11.444810 3.611997 27.900427 0.603953 0.164251
