Car -1 -1 -10 412.000000 183.000000 510.000000 251.000000 1.433112 1.545410 3.765729 -3.651221 1.752964 17.936176 1.642182 1.947731
Car -1 -1 -10 329.000000 185.000000 459.000000 291.000000 1.477146 1.503368 3.378766 -3.820707 1.756777 13.207588 1.481968 1.942795
Car -1 -1 -10 693.000000 176.000000 784.000000 240.000000 1.490917 1.557571 3.574656 3.198665 1.604586 18.484144 -1.533819 1.941464
Car -1 -1 -10 719.000000 176.000000 883.000000 282.000000 1.481749 1.598649 3.766229 3.088479 1.630833 12.513074 -1.564458 1.920611
Car -1 -1 -10 52.000000 199.000000 411.000000 374.000000 1.395630 1.616031 3.975184 -3.725935 1.814836 7.651021 1.562702 1.916988
Car -1 -1 -10 771.000000 185.000000 1197.000000 374.000000 1.457624 1.649078 3.988332 2.838304 1.584950 6.511330 -1.549244 1.876211
Car -1 -1 -10 641.000000 175.000000 683.000000 204.000000 1.543677 1.593179 3.627367 2.820540 1.669865 39.886250 -1.677833 1.850210
Car -1 -1 -10 719.000000 176.000000 883.000000 282.000000 3.534906 2.292023 5.388417 17.208496 8.237103 65.755257 -1.094019 1.632342
Car -1 -1 -10 559.000000 175.000000 598.000000 190.000000 1.401126 1.584886 3.826972 -2.913333 1.623861 69.491951 -0.656555 0.935157
Car -1 -1 -10 5.000000 213.000000 129.000000 374.000000 1.637183 1.669970 3.708410 -7.385385 2.058942 8.124578 1.549131 0.893103
Car -1 -1 -10 597.000000 177.000000 627.000000 197.000000 1.529671 1.600496 3.819261 0.513732 1.782834 54.233273 1.079970 0.788461
Car -1 -1 -10 750.000000 173.000000 814.000000 217.000000 1.612837 1.624249 3.678254 7.215399 1.709495 32.514553 -1.556965 0.431913
