Car -1 -1 -10 334.000000 182.000000 467.000000 263.000000 1.489591 1.662423 4.190940 -4.466456 1.451950 15.730535 -1.605091 1.953374
Car -1 -1 -10 582.000000 176.000000 663.000000 252.000000 1.525060 1.644986 3.610734 0.342310 1.379887 16.917454 -1.537755 1.941423
Car -1 -1 -10 189.000000 182.000000 286.000000 229.000000 1.441438 1.576848 3.723750 -12.355388 1.370098 24.215944 -1.578726 1.855182
Car -1 -1 -10 0.000000 200.000000 311.000000 371.000000 1.441056 1.574610 3.703201 -4.588500 1.612725 7.531988 -1.573680 1.845269
Car -1 -1 -10 319.000000 183.000000 398.000000 224.000000 1.405410 1.532560 3.600125 -8.429500 1.279665 24.494236 -1.353453 1.404196
Car -1 -1 -10 679.000000 182.000000 710.000000 201.000000 1.488836 1.626937 3.884074 7.366103 1.281038 61.366741 -1.349331 1.004539
Car -1 -1 -10 172.000000 175.000000 227.000000 201.000000 1.460844 1.605036 3.713405 -30.174204 1.006335 53.594494 1.582107 0.964451
Car -1 -1 -10 7.000000 177.000000 174.000000 237.000000 1.380267 1.611814 4.058163 -15.295016 1.317830 21.204704 -1.451038 0.908641
Car -1 -1 -10 42.000000 185.000000 235.000000 265.000000 1.426202 1.586632 3.775386 -8.333336 1.317582 12.671463 -1.591025 0.794700
Car -1 -1 -10 385.000000 179.000000 428.000000 206.000000 1.538188 1.538349 3.924635 -5.840083 1.108054 21.555847 1.154718 0.232329
