Car -1 -1 -10 715.000000 177.000000 849.000000 271.000000 1.466116 1.600809 3.804544 3.011775 1.538259 13.345049 -1.520474 1.972062
Car -1 -1 -10 893.000000 148.000000 1160.000000 229.000000 1.503312 1.665109 4.270011 8.522728 1.170164 15.436797 3.224338 1.879353
Car -1 -1 -10 293.000000 182.000000 424.000000 260.000000 1.636452 1.668477 4.210286 -6.129255 1.938707 17.984158 -1.546070 1.841354
Car -1 -1 -10 431.000000 181.000000 495.000000 222.000000 1.501658 1.626844 3.961566 -5.901406 1.905268 29.250969 1.668283 1.826391
Car -1 -1 -10 0.000000 215.000000 177.000000 372.000000 1.510188 1.632897 3.691369 -6.228448 1.978742 7.075161 1.538807 1.523233
Car -1 -1 -10 463.000000 181.000000 510.000000 214.000000 1.468343 1.567902 3.829958 -5.852502 1.903991 34.673546 1.560882 1.495477
Car -1 -1 -10 729.000000 161.000000 820.000000 201.000000 1.590719 1.719678 4.186460 9.564280 1.200588 40.831158 -2.884559 0.973890
Car -1 -1 -10 483.000000 181.000000 521.000000 208.000000 1.510287 1.588214 3.890530 -5.869377 1.894546 39.627182 1.560635 0.951356
Car -1 -1 -10 230.000000 192.000000 377.000000 274.000000 1.449838 1.643113 4.028826 -6.116266 1.976245 14.690948 1.497549 0.730449
Car -1 -1 -10 1055.000000 142.000000 1241.000000 273.000000 1.522233 1.593758 3.644724 8.025954 1.192617 10.005466 -0.432869 0.596859
Car -1 -1 -10 924.000000 150.000000 1001.000000 179.000000 1.502164 1.617363 3.633716 22.671982 0.253799 46.083282 0.278958 0.548170
Car -1 -1 -10 1097.000000 134.000000 1240.000000 216.000000 1.513976 1.568287 3.989874 20.746264 0.792997 26.906370 1.728490 0.414188
Car -1 -1 -10 649.000000 173.000000 673.000000 195.000000 1.576419 1.593484 3.857755 3.253302 1.429340 47.210690 -1.539445 0.395783
Car -1 -1 -10 499.000000 180.000000 533.000000 203.000000 1.467306 1.641408 3.915450 -5.879664 1.935729 45.921227 1.573216 0.255111
