Car -1 -1 -10 115.000000 195.000000 354.000000 306.000000 1.456387 1.589670 3.894321 -5.892599 1.878728 11.920448 1.578173 1.946833
Car -1 -1 -10 717.000000 180.000000 833.000000 257.000000 1.449525 1.595317 3.867236 3.410088 1.669876 15.614351 1.521051 1.944657
Car -1 -1 -10 369.000000 184.000000 465.000000 241.000000 1.460302 1.603664 4.155077 -5.628658 1.851265 21.065035 1.661306 1.926217
Car -1 -1 -10 664.000000 177.000000 714.000000 215.000000 1.524351 1.583343 3.702795 3.143386 1.701730 29.895115 -1.605603 1.880177
Car -1 -1 -10 684.000000 178.000000 765.000000 233.000000 1.442850 1.587489 3.900971 3.250352 1.695773 21.331362 -1.585888 1.861181
Car -1 -1 -10 831.000000 178.000000 1241.000000 374.000000 1.536591 1.640883 3.885840 3.280450 1.691201 5.616125 -1.552496 1.857275
Car -1 -1 -10 471.000000 176.000000 517.000000 209.000000 1.590621 1.576441 3.780731 -5.778208 1.808367 36.114670 1.603781 1.542170
Car -1 -1 -10 1.000000 208.000000 191.000000 370.000000 1.428856 1.619481 3.810815 -5.786845 1.852272 6.375460 1.592647 1.502272
Car -1 -1 -10 515.000000 173.000000 557.000000 195.000000 1.487493 1.614047 3.792204 -6.241001 1.737150 60.771893 -2.753484 0.548521
Car -1 -1 -10 104.000000 186.000000 254.000000 227.000000 1.550069 1.574519 3.837481 -15.288383 1.935911 25.567307 1.590784 0.451714
