Car -1 -1 -10 744.000000 183.000000 1098.000000 374.000000 1.422098 1.620977 3.872296 2.664812 1.543585 7.137507 -1.596631 1.850245
Car -1 -1 -10 635.000000 172.000000 661.000000 193.000000 1.460400 1.587640 3.618751 2.687672 1.419535 50.680851 -1.554351 1.707586
Car -1 -1 -10 363.000000 166.000000 511.000000 215.000000 1.399732 1.641150 4.458116 -6.033423 1.365118 25.982260 -3.069494 1.662847
Car -1 -1 -10 290.000000 167.000000 473.000000 225.000000 1.458651 1.619431 4.251539 -6.382036 1.393939 21.328777 -3.134278 1.649638
Car -1 -1 -10 290.000000 167.000000 473.000000 225.000000 1.530438 1.657455 4.032437 -6.325075 1.422577 18.942190 -3.067582 1.645544
Car -1 -1 -10 746.000000 176.000000 848.000000 221.000000 1.513879 1.663630 3.748289 6.378602 1.607121 24.324352 -0.139232 1.596693
Car -1 -1 -10 690.000000 173.000000 756.000000 204.000000 1.579240 1.593736 3.425545 5.753191 1.559451 36.153580 0.001800 1.385086
Car -1 -1 -10 0.000000 170.000000 347.000000 309.000000 1.549054 1.659270 3.877522 -5.571885 1.493053 8.900636 0.459599 1.192608
Car -1 -1 -10 447.000000 165.000000 535.000000 200.000000 1.472923 1.656018 3.957236 -6.106582 1.229324 36.571461 -2.499348 0.932103
Car -1 -1 -10 160.000000 166.000000 414.000000 259.000000 1.632282 1.646132 4.058885 -5.303128 1.409441 11.473371 -3.176348 0.850828
Car -1 -1 -10 2.000000 166.000000 67.000000 341.000000 1.477920 1.667153 4.024715 -7.423344 1.345803 6.893456 -3.219237 0.396537
