Car -1 -1 -10 729.000000 187.000000 819.000000 251.000000 1.499636 1.611144 4.056302 4.074267 1.828254 18.667894 -1.504137 1.940570
Car -1 -1 -10 776.000000 188.000000 948.000000 293.000000 1.523279 1.587236 3.912900 4.067863 1.862163 12.365059 1.605595 1.892211
Car -1 -1 -10 554.000000 177.000000 596.000000 209.000000 1.488308 1.606625 3.760944 -1.750054 1.727600 36.407280 1.651722 1.889232
Car -1 -1 -10 717.000000 183.000000 779.000000 237.000000 1.488898 1.527425 3.336040 4.403962 1.892549 23.648766 -1.546065 1.880853
Car -1 -1 -10 424.000000 161.000000 547.000000 274.000000 1.799035 1.724669 4.526614 -2.491041 1.681696 14.977956 -1.605959 1.879712
Car -1 -1 -10 700.000000 180.000000 747.000000 222.000000 1.581984 1.593134 3.630253 4.697916 1.907111 30.675728 -1.529730 1.703282
Car -1 -1 -10 3.000000 205.000000 333.000000 374.000000 1.494915 1.579132 3.731984 -2.883155 1.740760 3.419456 1.584841 1.636699
Car -1 -1 -10 919.000000 187.000000 1241.000000 374.000000 1.628864 1.630011 3.772159 3.669530 1.775176 5.736869 -1.557370 1.464340
Car -1 -1 -10 690.000000 180.000000 729.000000 215.000000 1.486106 1.587011 3.804982 4.669300 1.833143 35.198410 -1.506861 1.332255
Car -1 -1 -10 497.000000 179.000000 560.000000 242.000000 1.529940 1.519465 3.584366 -2.302560 1.748512 20.433655 1.598510 1.166775
Car -1 -1 -10 679.000000 179.000000 714.000000 208.000000 1.536470 1.595668 4.100174 4.824941 1.943986 41.066914 -1.536230 0.756949
Car -1 -1 -10 574.000000 177.000000 603.000000 202.000000 1.583932 1.617882 3.710447 -1.906094 2.194788 64.428581 -1.591659 0.316732
