Car -1 -1 -10 574.000000 174.000000 659.000000 254.000000 1.539553 1.652385 3.915119 0.111624 1.383356 16.687105 -1.559593 1.955199
Car -1 -1 -10 380.000000 181.000000 486.000000 248.000000 1.424889 1.657220 4.287568 -4.538408 1.326272 18.693089 -1.589275 1.947676
Car -1 -1 -10 158.000000 191.000000 378.000000 316.000000 1.462315 1.612480 3.829262 -4.604854 1.572185 10.517368 -1.550906 1.906351
Car -1 -1 -10 114.000000 184.000000 278.000000 267.000000 1.487091 1.623558 3.753602 -8.386983 1.473910 15.053116 -1.552815 1.806711
Car -1 -1 -10 659.000000 181.000000 687.000000 200.000000 1.483929 1.645080 3.857871 5.314177 1.194492 59.468105 1.648606 1.242500
Car -1 -1 -10 240.000000 183.000000 305.000000 222.000000 1.447378 1.496853 3.347582 -12.397055 1.348576 26.554213 1.637294 0.919485
Car -1 -1 -10 2.000000 178.000000 102.000000 259.000000 1.452596 1.563931 3.832386 -12.535610 1.548830 14.889102 1.455946 0.903706
Car -1 -1 -10 354.000000 182.000000 416.000000 218.000000 1.489387 1.633966 3.880119 -8.618647 1.374323 27.869024 -1.808777 0.748833
Car -1 -1 -10 611.000000 170.000000 647.000000 212.000000 1.425204 1.554185 3.489911 1.097397 0.992159 36.570976 -1.445242 0.427013
Car -1 -1 -10 217.000000 185.000000 276.000000 220.000000 1.586259 1.649033 3.569504 -26.944345 1.992143 53.505196 -2.039173 0.212187
