Car -1 -1 -10 635.000000 188.000000 672.000000 219.000000 1.434580 1.610359 3.994235 2.208336 2.295953 37.691730 -1.662715 1.870456
Car -1 -1 -10 747.000000 191.000000 913.000000 253.000000 1.427353 1.597373 4.076443 5.699639 2.063645 19.501284 2.901342 1.758337
Car -1 -1 -10 240.000000 181.000000 445.000000 252.000000 1.662423 1.665480 3.950322 -6.639159 1.915695 18.171110 -3.112113 1.650004
Car -1 -1 -10 727.000000 184.000000 851.000000 243.000000 1.508583 1.594501 3.896368 5.377497 2.090044 22.210155 0.047844 1.626954
Car -1 -1 -10 169.000000 189.000000 383.000000 276.000000 1.498080 1.567806 3.875288 -6.550595 1.874250 13.845369 -3.065713 1.596345
Car -1 -1 -10 878.000000 186.000000 1241.000000 363.000000 1.521804 1.649332 3.905433 2.800713 1.660464 3.454180 -1.589328 1.499574
Car -1 -1 -10 16.000000 189.000000 368.000000 301.000000 1.488335 1.594384 3.993040 -6.191895 1.835268 10.768445 -3.243035 1.447741
Car -1 -1 -10 809.000000 193.000000 982.000000 274.000000 1.524417 1.614160 3.602372 5.858067 1.931798 14.366169 -0.003102 1.407236
Car -1 -1 -10 0.000000 185.000000 216.000000 340.000000 1.580828 1.553651 3.621653 -6.650452 1.795823 9.364235 -2.719249 1.305171
Car -1 -1 -10 873.000000 193.000000 1083.000000 298.000000 1.498136 1.573615 3.621441 6.072141 1.877101 11.367383 0.007327 1.282332
Car -1 -1 -10 393.000000 188.000000 509.000000 224.000000 1.499922 1.577244 3.932019 -6.936452 2.262455 32.018589 -3.157232 0.886853
Car -1 -1 -10 309.000000 182.000000 496.000000 239.000000 1.647702 1.710812 3.924761 -6.458493 1.964815 20.866467 -3.255342 0.369999
