Car -1 -1 -10 484.000000 188.000000 614.000000 263.000000 1.422989 1.608514 3.871918 -1.598924 1.667043 15.241982 -1.996565 1.920332
Car -1 -1 -10 381.000000 181.000000 439.000000 221.000000 1.433217 1.613688 3.810094 -8.299038 1.756385 29.046305 -2.027548 1.907506
Car -1 -1 -10 0.000000 203.000000 125.000000 305.000000 1.474821 1.465165 3.301254 -9.423358 2.060004 12.578798 1.206810 1.823746
Car -1 -1 -10 367.000000 180.000000 414.000000 212.000000 1.501213 1.600878 3.931676 -10.581081 1.788465 34.315460 -1.954954 1.819651
Car -1 -1 -10 1056.000000 156.000000 1241.000000 239.000000 1.436549 1.553670 3.751165 9.815037 1.138158 13.550653 1.842441 1.647236
Car -1 -1 -10 546.000000 165.000000 652.000000 204.000000 1.456813 1.687749 4.320226 -0.410186 1.192738 31.463789 -2.797391 1.646322
Car -1 -1 -10 188.000000 184.000000 234.000000 215.000000 1.541080 1.582770 3.588399 -22.233608 2.253156 39.944542 1.190166 1.527666
Car -1 -1 -10 350.000000 176.000000 376.000000 197.000000 1.505644 1.621288 3.757312 -20.852541 1.947945 60.640129 -1.910865 1.383206
Car -1 -1 -10 626.000000 142.000000 1024.000000 361.000000 1.904687 1.707445 4.390177 1.890568 1.647673 8.151979 -1.990769 1.353395
Car -1 -1 -10 875.000000 157.000000 1039.000000 233.000000 1.407994 1.593462 4.069358 7.879730 1.176167 16.078806 2.115133 0.608424
Car -1 -1 -10 205.000000 184.000000 243.000000 210.000000 1.540426 1.587281 3.751128 -23.876171 2.273918 44.686565 1.235220 0.563279
Car -1 -1 -10 996.000000 157.000000 1134.000000 214.000000 1.575964 1.581138 3.789222 14.433060 1.013249 23.075491 -1.951259 0.352804
Car -1 -1 -10 1132.000000 143.000000 1241.000000 215.000000 1.543052 1.572275 3.547679 16.176344 0.805455 20.047621 1.660877 0.186788
